data/soil/buek200_1000_25832_etrs89-utm32n.asc
ncols        641
nrows        866
xllcorner    280356.848233341298
yllcorner    5235360.556800000370
cellsize     1000.000000000000
NODATA_value -9999
[rows 384 to 415 of 866, columns 284 to 354 of 641]
471847 471825 471817 471825 471817 472643 472643 472643 472647 472647 472647 472650 472663 472663 472663 472663 472616 472650 472616 472606 472649 472649 472606 472649 472649 472649 472649 472649 472649 472649 472649 472649 472649 472649 472649 472654 472654 472649 472649 472637 472637 472683 472683 472665 472665 472694 472694 472606 472653 472656 472656 472664 472656 472656 472668 472668 472668 472668 472668 472692 472668 472668 472668 472694 472683 472688 472688 472688 472678 472678 472678
471825 471817 471817 471817 471817 472639 472643 472639 472643 472647 472647 472647 472650 472616 472616 472616 472616 472606 472653 472650 472649 472649 472649 472606 472649 472649 472649 472649 472649 472649 472649 472649 472649 472649 472649 472649 472649 472649 472649 472649 472637 472665 472689 472694 472665 472631 472631 472606 472665 472637 472637 472606 472637 472656 472657 472656 472668 472668 472668 472668 472668 472667 472667 472694 472683 472683 472679 472678 472678 472678 472678
471847 471817 471817 471817 471817 472639 472639 472639 472639 472647 472647 472647 472650 472616 472616 472616 472616 472653 472650 472606 472649 472663 472649 472649 472606 472649 472649 472649 472649 472649 472652 472649 472649 472649 472647 472649 472649 472649 472649 472649 472649 472637 472637 472665 472698 472606 472637 472637 472606 472637 472637 472637 472637 472631 472631 472656 472657 472668 472656 472692 472668 472668 472668 472694 472694 472683 472683 472679 472678 472678 472678
471847 471817 471817 471817 471817 472639 472639 472639 472639 472647 472647 472647 472665 472663 472606 472616 472616 472616 472606 472650 472606 472663 472649 472649 472649 472606 472649 472649 472649 472649 472652 472649 472647 472649 472647 472606 472649 472649 472649 472649 472649 472649 472637 472637 472637 472637 472606 472657 472657 472606 472665 472665 472656 472637 472606 472637 472637 472657 472606 472637 472637 472668 472656 472668 472668 472694 472694 472678 472679 472678 472678
471847 471817 471817 471817 471817 472639 472639 472639 472643 472647 472647 472647 472650 472650 472663 472606 472600 472616 472650 472663 472606 472649 472649 472649 472649 472649 472663 472606 472606 472606 472652 472606 472642 472656 472650 472647 472649 472649 472649 472647 472649 472606 472649 472637 472637 472656 472647 472637 472637 472606 472606 472665 472665 472637 472637 472606 472657 472637 472657 472656 472637 472637 472631 472637 472668 472668 472694 472679 472678 472678 472678
471847 471817 471817 471817 471817 472635 472639 472639 472643 472647 472647 472662 472650 472650 472663 472663 472665 472665 472650 472616 472616 472663 472649 472649 472649 472649 472649 472649 472649 472649 472649 472642 472650 472642 472650 472642 472642 472647 472647 472647 472647 472647 472649 472606 472657 472656 472656 472649 472647 472642 472642 472647 472656 472656 472631 472631 472637 472698 472637 472631 472631 472637 472631 472631 472631 472637 472656 472637 472678 472678 472678
471847 471825 471817 471817 471817 472635 472639 472639 472639 472647 472647 472665 472650 472650 472650 472616 472665 472616 472616 472616 472663 472606 472649 472649 472649 472649 472649 472649 472649 472649 472649 472649 472606 472642 472647 472606 472649 472649 472647 472647 472647 472647 472606 472649 472647 472647 472647 472647 472664 472647 472642 472649 472647 472647 472647 472647 472637 472637 472657 472657 472631 472631 472637 472637 472637 472637 472637 472678 472606 472606 472656
471882 471847 471817 471817 471817 472639 472639 472639 472639 472647 472650 472665 472650 472665 472665 472650 472665 472616 472616 472663 472663 472606 472649 472649 472649 472647 472649 472649 472649 472649 472650 472647 472650 472647 472606 472647 472649 472647 472647 472606 472606 472606 472647 472647 472606 472647 472647 472647 472606 472647 472647 472642 472647 472649 472647 472647 472647 472649 472601 472649 472649 472649 472649 472637 472637 472637 472631 472649 472631 472606 472606
471801 471847 471817 471817 471817 472635 472639 472639 472639 472642 472647 472650 472650 472650 472650 472650 472663 472616 472616 472616 472606 472606 472649 472649 472649 472650 472650 472647 472650 472650 472650 472649 472650 472635 472647 472647 472647 472647 472647 472647 472647 472647 472606 472647 472606 472606 472606 472647 472647 472606 472606 472606 472649 472642 472642 472647 472647 472649 472601 472657 472657 472647 472649 472649 472649 472637 472631 472631 472631 472631 472606
471801 471847 471817 471817 471817 472639 472639 472639 472637 472638 472650 472650 472616 472616 472650 472665 472663 472616 472662 472665 472616 472616 472606 472606 472649 472650 472650 472647 472650 472650 472650 472650 472650 472650 472650 472650 472605 472650 472647 472647 472647 472647 472647 472606 472647 472647 472606 472649 472647 472647 472647 472647 472647 472647 472647 472642 472647 472647 472606 472606 472657 472647 472647 472649 472649 472649 472641 472641 472641 472631 472631
471801 471844 471817 471817 471817 472639 472639 472660 472650 472642 472650 472650 472616 472616 472650 472653 472650 472663 472663 472649 472649 472616 472698 472616 472616 472616 472606 472650 472650 472650 472650 472650 472633 472650 472650 472650 472647 472650 472647 472647 472647 472649 472649 472647 472647 472647 472647 472647 472649 472649 472647 472647 472642 472642 472606 472606 472606 472657 472606 472601 472657 472657 472649 472649 472647 472647 472647 472647 472641 472647 472641
471844 471844 471817 471825 471817 472660 472660 472642 472647 472647 472650 472616 472616 472616 472650 472654 472650 472616 472663 472663 472616 472665 472649 472650 472650 472650 472650 472606 472650 472650 472650 472642 472633 472698 472650 472650 472650 472647 472650 472650 472650 472650 472649 472649 472647 472606 472647 472647 472649 472647 472649 472649 472649 472649 472649 472649 472649 472606 472606 472601 472601 472601 472698 472657 472647 472647 472647 472649 472647 472647 472649
471801 471844 471825 471825 471847 472660 472647 472647 472647 472647 472606 472650 472616 472616 472654 472650 472650 472665 472650 472616 472616 472650 472650 472650 472650 472650 472650 472650 472650 472650 472650 472635 472642 472642 472642 472642 472650 472647 472647 472647 472650 472650 472650 472650 472650 472647 472649 472647 472647 472649 472647 472649 472647 472606 472649 472649 472647 472647 472606 472601 472601 472698 472601 472606 472606 472647 472657 472647 472647 472647 472649
471844 471844 471817 471847 471847 472643 472647 472647 472647 472647 472654 472616 472650 472663 472665 472650 472650 472650 472616 472616 472616 472650 472616 472662 472650 472650 472650 472642 472642 472642 472642 472635 472635 472635 472635 472642 472650 472650 472647 472647 472650 472650 472650 472650 472650 472650 472647 472647 472647 472647 472649 472649 472649 472649 472647 472649 472649 472649 472649 472647 472647 472606 472601 472601 472606 472606 472606 472606 472647 472647 472647
471825 471825 471825 471825 471825 472647 472647 472642 472642 472647 472654 472616 472663 472650 472650 472650 472665 472650 472650 472650 472650 472616 472616 472665 472650 472662 472650 472642 472635 472635 472635 472632 472635 472635 472635 472642 472650 472650 472650 472650 472650 472650 472605 472650 472650 472650 472650 472647 472647 472647 472649 472647 472649 472649 472649 472649 472649 472606 472606 472606 472647 472606 472601 472606 472606 472606 472606 472606 472606 472606 472606
471825 471825 471825 471825 471826 472647 472647 472642 472642 472616 472654 472616 472650 472663 472650 472650 472650 472650 472650 472650 472650 472616 472616 472616 472616 472665 472665 472642 472635 472633 472632 472635 472632 472635 472635 472642 472647 472650 472642 472650 472650 472650 472650 472647 472650 472650 472650 472605 472605 472649 472649 472649 472649 472647 472647 472649 472649 472649 472649 472649 472649 472647 472606 472606 472606 472606 472606 472606 472606 472606 472606
471838 471838 471825 471826 471826 472647 472647 472647 472642 472654 472616 472616 472650 472663 472647 472650 472650 472647 472647 472650 472650 472616 472616 472650 472616 472650 472616 472650 472635 472633 472632 472635 472635 472635 472635 472642 472642 472642 472642 472642 472606 472642 472642 472647 472647 472650 472698 472650 472650 472650 472605 472605 472649 472647 472649 472649 472647 472649 472649 472649 472649 472647 472647 472647 472656 472656 472606 472606 472607 472600 472607
471838 471825 471825 471826 471826 472647 472647 472647 472654 472616 472616 472616 472650 472650 472638 472650 472650 472650 472650 472650 472616 472650 472650 472650 472650 472650 472650 472650 472642 472635 472633 472626 472635 472635 472661 472642 472656 472642 472606 472606 472642 472635 472635 472635 472642 472642 472650 472605 472644 472650 472650 472650 472650 472605 472605 472605 472649 472649 472649 472649 472649 472649 472647 472649 472649 472656 472649 472656 472606 472606 472606
471838 471838 471825 471826 471838 472653 472647 472653 472650 472650 472654 472654 472650 472650 472638 472647 472647 472650 472650 472650 472650 472650 472650 472650 472650 472650 472650 472650 472665 472635 472626 472635 472635 472635 472635 472642 472642 472642 472642 472635 472635 472635 472635 472635 472635 472642 472650 472656 472650 472642 472642 472650 472650 472650 472650 472656 472656 472649 472649 472650 472650 472647 472650 472650 472650 472650 472650 472649 472647 472647 472649
471825 471825 471817 471825 471826 472647 472647 472650 472647 472647 472647 472647 472647 472650 472650 472650 472647 472647 472650 472650 472647 472650 472650 472650 472650 472650 472650 472650 472650 472647 472656 472635 472635 472635 472656 472642 472647 472650 472650 472650 472642 472698 472642 472642 472642 472650 472605 472642 472642 472642 472656 472656 472656 472650 472650 472656 472650 472605 472650 472650 472650 472650 472650 472650 472650 472650 472649 472649 472647 472647 472649
471825 471817 471817 471825 471838 472647 472642 472642 472647 472647 472647 472650 472650 472650 472650 472647 472647 472647 472647 472650 472647 472647 472650 472644 472644 472650 472650 472650 472650 472635 472647 472656 472642 472642 472647 472647 472605 472647 472650 472650 472650 472650 472650 472605 472605 472656 472642 472635 472635 472661 472635 472635 472635 472656 472642 472642 472650 472650 472656 472605 472644 472650 472650 472650 472650 472647 472650 472650 472647 472647 472647
471825 471817 471817 471838 471826 472647 472642 472650 472650 472647 472650 472650 472647 472650 472650 472647 472650 472647 472650 472650 472647 472650 472650 472650 472644 472650 472650 472647 472650 472650 472650 472650 472605 472647 472647 472647 472650 472650 472605 472650 472650 472650 472642 472635 472635 472635 472635 472661 472635 472635 472635 472635 472635 472635 472635 472642 472642 472642 472656 472656 472605 472644 472650 472650 472650 472650 472650 472650 472650 472650 472647
471838 471825 471838 471825 471826 472647 472650 472647 472647 472650 472647 472647 472647 472647 472647 472647 472647 472650 472650 472650 472650 472650 472647 472650 472650 472644 472650 472647 472647 472647 472647 472650 472647 472647 472647 472650 472650 472650 472647 472650 472650 472650 472635 472661 472635 472661 472635 472661 472635 472635 472635 472635 472632 472661 472635 472635 472635 472635 472635 472642 472656 472656 472605 472605 472650 472650 472650 472650 472650 472650 472650
471847 471838 471825 471825 471826 472647 472647 472647 472647 472647 472650 472635 472650 472647 472650 472647 472650 472656 472650 472650 472650 472650 472606 472650 472644 472650 472606 472606 472664 472650 472664 472664 472647 472647 472605 472650 472605 472650 472650 472650 472647 472650 472635 472635 472605 472605 472635 472635 472635 472635 472635 472635 472635 472632 472661 472661 472661 472632 472632 472661 472635 472635 472642 472642 472605 472650 472650 472650 472650 472650 472650
471849 471801 471801 471825 471826 472642 472647 472647 472650 472650 472647 472647 472647 472650 472650 472606 472642 472635 472635 472642 472635 472650 472650 472656 472606 472650 472664 472664 472664 472664 472664 472650 472650 472647 472647 472605 472647 472650 472650 472650 472647 472642 472635 472635 472661 472661 472661 472605 472661 472635 472633 472656 472632 472632 472661 472632 472632 472632 472661 472661 472632 472661 472635 472642 472650 472650 472605 472650 472650 472650 472650
471828 471847 471828 471817 471826 472606 472606 472606 472650 472650 472635 472606 472650 472606 472650 472642 472635 472635 472635 472635 472661 472635 472635 472642 472650 472664 472635 472665 472656 472656 472664 472664 472650 472647 472647 472647 472650 472650 472647 472650 472650 472635 472661 472635 472661 472661 472661 472635 472635 472635 472633 472633 472632 472632 472661 472661 472661 472632 472661 472632 472661 472632 472635 472656 472635 472650 472650 472605 472650 472650 472650
471828 471828 471828 471830 471826 472644 472650 472644 472650 472650 472606 472650 472642 472642 472635 472635 472606 472635 472635 472661 472635 472635 472635 472635 472642 472656 472635 472664 472656 472656 472656 472656 472650 472605 472650 472650 472647 472647 472647 472647 472642 472635 472661 472661 472661 472661 472635 472633 472633 472661 472635 472656 472632 472632 472632 472661 472661 472632 472632 472632 472661 472635 472656 472656 472635 472635 472656 472656 472656 472605 472650
471828 471828 471828 471830 471826 472639 472650 472642 472642 472642 472656 472650 472642 472661 472661 472635 472606 472635 472635 472632 472635 472635 472635 472635 472635 472635 472635 472635 472635 472656 472642 472642 472650 472650 472650 472650 472642 472650 472642 472642 472635 472661 472635 472635 472661 472661 472633 472661 472661 472633 472632 472656 472605 472632 472661 472661 472661 472632 472632 472632 472661 472661 472656 472635 472635 472635 472635 472656 472656 472656 472656
471828 471828 471828 471817 471817 472639 472642 472635 472635 472635 472650 472642 472642 472642 472635 472635 472635 472635 472635 472635 472606 472635 472635 472635 472661 472635 472635 472635 472635 472635 472635 472635 472635 472635 472635 472635 472635 472635 472635 472698 472661 472635 472635 472635 472661 472633 472661 472632 472661 472632 472632 472661 472632 472605 472632 472605 472632 472632 472661 472661 472661 472661 472661 472635 472635 472632 472632 472632 472632 472635 472656
471814 471828 471831 471828 471828 472639 472639 472635 472635 472656 472642 472642 472635 472635 472635 472661 472635 472635 472635 472633 472633 472635 472635 472632 472632 472632 472635 472635 472635 472661 472635 472661 472635 472661 472635 472635 472661 472661 472661 472635 472635 472635 472635 472605 472633 472632 472661 472632 472661 472632 472632 472632 472661 472661 472656 472632 472661 472661 472661 472661 472661 472661 472661 472661 472632 472632 472661 472661 472632 472632 472632
471814 471831 471831 471831 471828 472648 472635 472635 472642 472642 472635 472635 472635 472635 472635 472661 472661 472635 472635 472661 472661 472661 472632 472632 472632 472632 472632 472632 472632 472635 472661 472632 472661 472661 472661 472632 472661 472635 472635 472661 472635 472635 472635 472605 472632 472661 472661 472632 472632 472661 472632 472661 472632 472661 472632 472632 472632 472661 472661 472661 472626 472661 472661 472661 472661 472661 472632 472661 472661 472661 472661
471831 471801 471831 471831 471831 472648 472648 472642 472650 472642 472656 472635 472635 472635 472635 472632 472632 472632 472635 472635 472661 472632 472632 472633 472633 472661 472605 472632 472632 472635 472635 472635 472633 472633 472632 472661 472632 472661 472635 472632 472635 472635 472632 472632 472632 472632 472632 472632 472632 472632 472661 472661 472661 472661 472632 472605 472626 472626 472661 472629 472629 472626 472661 472661 472661 472661 472632 472661 472661 472661 472661
