data/soil/buek200_1000_31469_gk5.asc
ncols         643
nrows         875
xllcorner     4860189.0000000000
yllcorner     5248225.0000000000
cellsize      1000.0000000000
nodata_value  -9999.0000000000
[rows 192 to 223 of 875, columns 142 to 212 of 643]
-9999 311021 311021 311021 311024 311051 311033 311021 311021 311051 311029 -9999 311045 311022 311021 311021 311051 311021 311021 311021 311021 -9999 -9999 311022 311034 311034 311046 311037 311037 311022 311045 311022 311022 -9999 311022 311022 311033 -9999 -9999 311047 311022 311046 311033 311033 -9999 -9999 -9999 -9999 311011 311009 311011 -9999 311006 311006 311006 311015 311015 311011 311014 311011 311009 311009 311009 311009 -9999 311008 311008 311011 311014 311051 -9999
311021 311021 311021 311024 311024 311037 311021 311051 311029 311029 311029 311045 311022 -9999 311021 311034 -9999 311021 311045 311021 -9999 -9999 -9999 311045 311034 311034 311037 311022 311046 311046 311022 -9999 -9999 311022 -9999 311022 311022 -9999 311022 311022 311025 311025 311051 -9999 -9999 -9999 -9999 -9999 311011 311012 -9999 311006 -9999 -9999 -9999 -9999 311012 311015 311014 311014 311010 311010 311011 311009 -9999 311008 311008 311011 311014 -9999 -9999
311021 311021 311021 311024 311051 311051 311051 311029 311045 311029 311045 311045 311022 311022 311021 311024 -9999 -9999 -9999 -9999 -9999 -9999 -9999 311022 311029 311026 311025 311022 311046 311022 311046 311029 311029 311047 -9999 311022 -9999 311047 311022 311022 311025 311025 311021 311051 -9999 -9999 -9999 311010 311012 -9999 -9999 -9999 -9999 -9999 311012 311012 -9999 311015 311015 311015 311015 311010 311009 311009 -9999 311008 311008 311011 311014 311010 311019
311021 311021 311021 311024 311051 311039 311039 311045 311045 311045 311022 311022 311051 311024 -9999 -9999 -9999 -9999 -9999 -9999 -9999 -9999 311022 311025 311025 311025 311021 311046 311022 311026 311046 311029 311022 311022 311022 311022 311022 311022 311033 311022 311033 311033 311033 311022 -9999 -9999 -9999 311010 311010 -9999 -9999 -9999 -9999 -9999 -9999 -9999 311011 311011 311011 311010 -9999 -9999 311009 311009 -9999 311008 311008 311011 311014 311010 311019
311051 311051 311051 311024 311051 311021 311024 311024 311022 311022 311022 311051 311024 311024 -9999 -9999 -9999 -9999 -9999 311025 -9999 311046 311046 311046 311025 311026 311029 311046 311046 311022 311022 311022 311022 311022 311050 311022 311047 -9999 311022 311022 311033 311022 311022 311022 311051 -9999 -9999 -9999 -9999 311010 311010 -9999 -9999 -9999 -9999 -9999 311011 311011 311011 311010 -9999 311010 311009 311009 311008 311008 311008 311014 311014 311014 311010
311011 311011 311010 311010 311010 311010 311024 311024 311022 311051 311022 311051 311051 311051 -9999 311025 311045 311025 311025 -9999 311046 311022 311024 311046 311029 311029 311029 311022 311022 311022 311022 311022 311022 311022 311022 311022 -9999 311022 311022 311022 311026 311022 311051 311022 311051 311051 -9999 311051 -9999 -9999 311011 311011 311010 -9999 -9999 311010 311009 311009 311009 311011 -9999 311010 311009 311008 311008 311008 311011 311014 311011 311010 311010
311011 311011 -9999 311010 311010 311010 311010 311010 311051 311051 311021 311021 311051 -9999 311045 -9999 311045 311045 -9999 311046 311046 311022 311046 311041 311029 311046 311022 311022 311022 311022 311022 311022 311029 311022 -9999 311022 311022 311022 311026 311026 311022 311051 311022 311022 311022 311022 311051 -9999 -9999 -9999 311011 311011 311011 311010 311010 311011 311009 311009 311011 311009 311010 311009 311009 -9999 311008 311008 311011 311011 311014 311010 311051
311011 311051 311010 311010 311051 311051 311010 311010 311051 311051 311029 311046 -9999 311021 311045 311045 311025 311046 311024 311046 311022 311046 311046 311041 311046 311046 311029 311022 311022 311029 311024 311024 311024 311046 311024 311024 311022 311022 311022 311022 311022 311022 311051 311024 311021 311051 311029 -9999 -9999 -9999 311011 311011 311010 311009 311009 311011 311009 311011 311011 311011 311009 311009 311011 -9999 311008 311008 311011 311014 311010 311051 311051
311011 311011 311051 311051 311051 311051 -9999 311037 311021 311021 311051 311047 311047 311047 311047 311045 311045 311024 311041 311046 311029 311046 311029 311046 311046 311029 311029 311022 311029 311029 311022 311022 311046 311022 311022 311022 311046 311024 311024 311046 311024 311022 311022 311024 311021 311022 311024 311029 -9999 -9999 -9999 -9999 -9999 311051 311010 311010 311009 311011 311011 311011 311009 311009 311011 -9999 311008 311014 311014 311011 311010 311051 311033
311010 311010 311010 311010 311012 311051 311010 311012 311010 311010 311010 311044 311044 311044 311044 311045 311045 311046 311046 311029 311046 311022 311046 311021 311021 311029 311022 311022 311046 311022 311022 311022 311024 311022 311022 311024 311024 311024 311024 311022 311021 311024 311021 311024 311024 311021 311021 311024 -9999 -9999 -9999 -9999 -9999 -9999 311051 311010 311011 311009 311009 311009 311009 311009 -9999 311008 311008 311011 311011 311014 311024 311024 311033
311051 311051 311010 311046 311010 311010 311010 311046 311046 311010 311010 311045 311045 311045 311045 311040 311040 311045 311045 311029 311040 311046 311046 311021 311021 311026 311026 311022 311022 311046 311022 311024 311024 311022 311034 311024 311024 311024 311024 311046 311022 311022 311046 311021 311021 311021 311021 311029 311024 -9999 -9999 -9999 -9999 -9999 311051 311010 311011 311009 311009 311009 311011 311011 311008 311008 311011 311011 311014 311051 311051 311033 311033
311046 311046 311010 -9999 -9999 -9999 311043 311010 311046 311010 311041 311043 311040 311045 311045 311045 311045 311045 311040 311039 311045 311046 311029 311029 311021 311021 311021 311021 311040 311022 311022 -9999 -9999 311024 311024 311022 311022 311022 311046 311022 311046 311022 311022 311022 311021 311021 -9999 311021 311024 -9999 -9999 -9999 -9999 -9999 -9999 311051 311011 311011 311011 311011 311011 311011 311008 311008 311011 311051 311051 311051 311033 311024 311024
311046 311049 311010 311010 311046 -9999 311043 311046 311043 311010 311010 311010 311043 311041 311040 311040 311040 311040 311040 311040 311039 311045 311040 311021 311021 311046 311046 311040 311040 311021 -9999 -9999 -9999 311046 311022 -9999 311046 311045 311022 311022 311022 311039 311022 311022 311021 311021 311024 311024 311024 -9999 -9999 -9999 -9999 -9999 -9999 311051 311010 311011 311011 311011 311011 311008 311008 311011 311033 311033 311033 311033 311033 311033 311033
311049 311049 311046 311039 311039 311039 311039 311040 311046 311045 -9999 -9999 311010 311040 311040 311051 311051 311040 311041 311040 311040 311045 -9999 311043 311021 311040 311040 311021 311021 311046 311046 -9999 311022 311022 311022 -9999 311022 311046 311022 311022 311022 311021 311022 311022 311022 311022 311024 311021 311051 -9999 -9999 -9999 -9999 -9999 -9999 311051 311010 311011 311011 311011 311008 311011 311011 -9999 311033 311019 311033 311033 311033 311033 311033
311049 311040 311040 311039 311039 311039 311039 311040 311046 -9999 311045 -9999 311045 311037 311040 311040 311040 311040 311040 311040 311040 311045 311045 -9999 311045 311045 311046 311040 311040 311040 311040 311022 311022 311022 311022 311021 311046 311022 311022 311022 311021 311037 311022 311022 -9999 311022 311024 311051 311051 -9999 -9999 -9999 -9999 -9999 -9999 311051 311010 311011 311011 311011 311011 311009 311011 311008 311008 311033 311033 311033 311033 311033 311033
311048 311048 311051 311039 311040 311039 311039 311046 311039 -9999 -9999 -9999 311045 311044 311037 311040 311040 311045 -9999 311040 311040 311045 311045 -9999 -9999 311045 311040 311041 311046 311041 311046 311022 311022 -9999 311022 311022 311022 311046 311022 311022 311037 311037 311037 311022 311021 311024 311026 311026 311046 -9999 -9999 -9999 -9999 -9999 311051 311051 311010 311011 311011 311011 311011 311011 311011 311011 311008 311030 311030 311033 311033 311024 311024
311045 311037 311046 311039 311045 311039 311046 311040 311039 -9999 311045 311045 311045 311040 311046 311042 311042 311045 -9999 311037 311051 311040 311045 311045 -9999 -9999 311040 311043 311041 311049 311049 -9999 -9999 -9999 311022 -9999 311025 311022 311022 311022 311037 311046 311021 311037 311041 311024 311026 311026 -9999 -9999 -9999 -9999 -9999 311051 311010 311010 311010 311011 311011 311011 311011 311011 311011 311011 311011 311011 311021 311021 311033 311033 311024
311045 311045 311046 311039 311045 311039 311046 311040 311039 311045 311045 -9999 -9999 311045 311040 311044 311042 -9999 311045 311045 311051 311040 311045 -9999 -9999 311040 311046 311041 311049 311046 311049 -9999 -9999 -9999 -9999 311022 -9999 311046 311046 311046 311046 311046 311021 311021 311021 311024 311024 311026 311046 311051 -9999 311051 311051 311010 311011 311011 311011 311011 311011 311011 311011 311011 311011 311011 311011 311011 311011 311030 311033 311019 311019
311037 311046 311039 311045 311039 311039 311046 311051 311039 311045 -9999 311045 -9999 -9999 311045 311040 311044 311037 311040 311045 311040 311051 311040 311040 311045 311040 311046 311043 311040 311038 311038 311021 -9999 -9999 -9999 -9999 -9999 -9999 311046 311022 311046 311046 311021 311024 311024 311024 311022 311046 311046 311010 -9999 -9999 -9999 311011 311011 311010 311010 311010 311010 311010 311010 311011 311011 311011 311011 311011 311011 311011 -9999 -9999 311032
311037 311046 -9999 311045 311039 311039 311040 311051 311039 311045 -9999 -9999 -9999 311045 311045 311045 311037 311037 311037 311045 311045 311040 311051 311040 311040 311040 311040 311040 311041 311038 -9999 -9999 -9999 -9999 -9999 -9999 -9999 -9999 -9999 311022 311022 311022 311022 311022 311022 311022 311022 -9999 -9999 -9999 -9999 311010 311010 311010 311051 -9999 311051 -9999 -9999 -9999 311010 311011 311011 311011 311011 311011 311011 311011 311011 311011 311011
311045 311039 -9999 -9999 -9999 311043 311040 311040 311040 311045 311045 -9999 -9999 311045 311045 311045 311037 311041 311037 311040 311045 311037 311040 311040 311046 311041 311040 311040 311041 311046 -9999 -9999 -9999 -9999 -9999 -9999 -9999 -9999 -9999 311022 311022 311022 311022 311022 311018 311046 -9999 -9999 311051 -9999 311051 311051 311051 311051 311045 311045 -9999 -9999 -9999 -9999 311051 311010 311010 311011 311011 311011 311011 311011 311011 311011 311011
311045 311039 311039 -9999 311039 311039 311040 311041 311041 311051 311045 -9999 -9999 311045 311045 -9999 311045 311040 311037 -9999 311045 -9999 311045 311045 311040 311046 311046 311041 311050 311046 311022 -9999 -9999 -9999 -9999 -9999 -9999 311037 -9999 -9999 311022 311022 311022 311022 311046 311046 -9999 -9999 -9999 311051 311045 311046 311040 311050 311045 -9999 -9999 -9999 -9999 311051 311051 -9999 311051 311011 311011 311011 311011 311011 311011 311011 311011
311046 311039 -9999 -9999 -9999 -9999 311039 311040 311041 -9999 311045 -9999 -9999 -9999 311045 311042 -9999 311044 311037 311045 -9999 -9999 -9999 311045 -9999 311045 311050 311050 311045 311050 -9999 311044 -9999 -9999 -9999 -9999 -9999 -9999 -9999 -9999 311046 311022 311018 311018 311022 311022 311022 311045 311044 311044 311045 311046 311049 311049 311050 -9999 -9999 311050 311040 311040 -9999 -9999 -9999 311051 311011 311011 311011 311011 311011 311011 311011
311037 311039 -9999 -9999 -9999 311039 311039 311046 311046 311041 311045 -9999 -9999 -9999 -9999 -9999 311045 311037 311037 311045 311045 -9999 -9999 -9999 -9999 -9999 -9999 -9999 311045 -9999 -9999 -9999 -9999 -9999 311045 -9999 -9999 -9999 -9999 -9999 -9999 311022 311018 311022 311022 311022 311022 311045 311045 311045 311045 311040 311049 311040 311040 -9999 311050 311033 311040 311034 -9999 -9999 -9999 -9999 311051 311051 311010 311011 311011 311011 311011
-9999 311039 -9999 -9999 -9999 -9999 311039 311043 311046 311037 311045 -9999 -9999 -9999 311045 311045 311045 311045 311037 311040 311045 -9999 -9999 -9999 -9999 -9999 -9999 -9999 -9999 -9999 -9999 -9999 -9999 -9999 -9999 -9999 311040 -9999 -9999 -9999 -9999 311022 311018 311022 311022 311022 -9999 311045 311045 311045 -9999 311040 311049 311040 311040 311040 311024 311024 311021 311046 311040 -9999 -9999 311051 -9999 311051 -9999 311011 311011 311011 311011
311045 311039 -9999 -9999 -9999 -9999 311039 311040 311040 311046 311046 311045 -9999 -9999 -9999 311045 311045 311044 311044 311039 311045 311043 -9999 -9999 -9999 -9999 311045 -9999 -9999 -9999 -9999 -9999 -9999 -9999 -9999 -9999 311040 -9999 -9999 -9999 311022 311022 311018 311040 311022 311022 -9999 311045 311045 311045 311045 311040 311040 311049 311034 311021 311021 311021 311021 311046 311021 311040 -9999 311051 311051 311051 -9999 311051 311010 311011 311011
311039 311039 -9999 -9999 -9999 -9999 -9999 311039 311039 311045 311046 311045 -9999 -9999 -9999 -9999 311044 311037 311039 311039 311045 311043 311043 -9999 -9999 311045 311045 -9999 -9999 -9999 -9999 -9999 311051 -9999 -9999 -9999 -9999 311037 311037 311049 311041 311051 311039 311040 311040 311022 311045 311045 311042 311045 311042 311048 311040 311040 311021 311021 311021 311021 311034 311046 311021 311033 311033 311048 311034 311034 311021 311046 311046 311011 311011
311039 311039 -9999 -9999 -9999 -9999 -9999 -9999 -9999 311039 311046 311045 -9999 -9999 -9999 311045 311045 311041 311039 311041 311046 311043 311043 311044 -9999 311045 311045 -9999 -9999 -9999 -9999 -9999 -9999 -9999 -9999 -9999 -9999 -9999 311049 311041 311049 311051 311039 311040 311040 311022 311045 311042 311045 311042 311042 311040 311040 311040 311046 311021 311021 311021 311034 311034 311034 311021 311021 311024 311021 311021 311034 311021 311046 311046 311046
311039 311039 -9999 -9999 -9999 -9999 -9999 -9999 311039 311039 311045 311046 -9999 311045 -9999 311045 311045 311037 311041 311046 311049 311041 311042 311042 311043 311044 -9999 -9999 -9999 -9999 -9999 -9999 311051 -9999 -9999 -9999 -9999 -9999 311049 311040 311040 311051 311037 311018 311040 311022 311042 311042 311042 311042 311040 311040 311040 311040 311046 311024 311021 311021 311046 311034 311021 311024 311024 311024 311019 311019 311019 311021 311021 311046 311046
311039 -9999 -9999 -9999 -9999 -9999 -9999 -9999 -9999 -9999 311045 311045 -9999 -9999 -9999 -9999 311045 311045 311037 311046 311049 311049 311044 311045 311045 311034 -9999 -9999 -9999 -9999 -9999 -9999 311045 -9999 -9999 -9999 -9999 311045 311037 311037 311040 311040 311037 311018 311018 311037 311042 311045 311042 311042 311040 311040 311046 311048 311040 311024 311033 311021 311034 311021 311024 311024 311024 311024 311019 311019 311021 311021 311025 311021 311039
-9999 -9999 -9999 -9999 -9999 -9999 -9999 -9999 -9999 311044 311045 -9999 -9999 -9999 311051 311045 311045 311046 311041 311041 311041 311041 -9999 311045 311043 311034 311044 -9999 -9999 -9999 -9999 -9999 311045 311051 -9999 -9999 311045 311045 311037 311040 311037 311040 311040 311037 311018 311018 311037 311042 311042 311042 311042 311046 311034 311034 311039 311042 311042 311033 311026 311021 311024 311024 311024 311024 311021 311019 311021 311021 311025 311025 311046
-9999 -9999 311037 311033 311033 311037 -9999 -9999 311045 -9999 311040 311046 311030 -9999 -9999 311045 311045 311045 311040 311051 311046 311041 311044 311034 311046 311030 311040 311044 -9999 -9999 311045 -9999 311045 311051 -9999 -9999 311045 311037 311037 -9999 311037 311037 311037 311040 311018 311018 311037 311037 311037 311042 311042 311040 311034 311040 311033 311033 311033 311026 311021 311021 311033 311021 311024 311026 311033 311047 311021 311021 311025 311025 311046
