data/soil/buek200_1000_31469_gk5.asc
ncols         643
nrows         875
xllcorner     4860189.0000000000
yllcorner     5248225.0000000000
cellsize      1000.0000000000
nodata_value  -9999.0000000000
[rows 224 to 255 of 875, columns 142 to 212 of 643]
-9999 -9999 311035 311033 311039 -9999 311045 311045 311045 311045 311042 311046 311030 -9999 -9999 311045 311045 311045 311045 311051 311040 311045 311034 311030 311046 311030 311040 311044 -9999 -9999 311037 311045 311045 -9999 -9999 311045 311045 311037 311040 311040 311037 311037 311040 311037 311018 311018 311037 311037 311037 311037 311040 311046 311040 311033 311021 311021 311026 311034 311021 311034 311021 311026 311047 311033 311021 311021 311021 311033 311033 311046 -9999
-9999 311033 311035 311045 311045 311045 311045 311045 311042 311042 311042 311046 311046 311039 311039 311042 311045 311045 311045 311051 311045 311045 311043 311030 311030 311041 311040 311040 311045 311045 311040 311045 -9999 -9999 -9999 311039 311045 311037 311051 311040 311040 311040 311040 311037 311040 311018 311037 311033 311033 311040 311046 311046 311046 311021 311021 311024 311021 311021 311021 311021 311034 311051 311021 311021 311021 311021 311033 311033 311033 311046 311051
-9999 311039 311039 311039 311044 311046 311046 311046 311042 -9999 311030 311033 311030 311039 311039 311042 311042 311051 311051 311040 311040 311040 311045 311045 311030 311030 311030 311043 311039 311040 311040 311045 311045 311045 311040 311045 311040 311051 311040 311040 311040 311040 311040 311040 311040 311040 311037 311037 311033 311033 311021 311026 311021 311021 311024 311033 311021 311021 311021 311026 311026 311051 311021 311021 311021 311033 311033 311033 311046 311051 311046
311039 311039 311039 311044 311044 311044 311046 311042 311042 311042 311030 311040 311030 311039 311039 311040 311042 311051 311042 311045 311040 311040 311043 311045 311045 311043 311044 311043 311046 311046 311046 311045 311040 311040 311040 311039 311051 311044 311040 311040 311040 311038 311042 311038 311033 311039 311039 311046 311037 311033 311026 311026 311021 311021 311033 311033 311051 311021 311021 311021 311034 311021 311021 311021 311021 311033 311021 311033 311051 311046 311046
311033 311039 311044 311044 311044 311044 311046 311046 311033 311033 311051 311033 311030 311039 311033 311051 311040 311042 311044 311037 311037 311051 311043 311043 311045 311045 311043 311043 311040 311040 311037 311046 311046 311040 311040 311040 311040 311044 311033 311042 311038 311038 311038 311038 311033 311039 311039 311041 311046 311046 311021 311033 311021 311021 311033 311033 311021 311021 311021 311051 311024 311051 311021 311021 311021 311021 311033 311046 311046 311046 311046
311039 311044 311044 311033 311033 311033 311044 311046 311033 311040 311033 311033 311039 311033 311033 311039 311040 311040 311040 311040 311032 311051 311040 311040 311039 311040 311040 311043 311040 311018 311041 311046 311040 311046 311046 311040 311051 311044 311040 311042 311038 311038 311038 311038 311038 311025 311021 311041 311039 311033 311033 311021 311024 311024 311021 311021 311021 311021 311021 311024 311021 311021 311021 311021 311021 311033 311051 311046 311046 311046 311046
311044 311044 311033 311033 311033 311032 311044 311033 311033 311040 311033 311039 311033 311033 311033 311039 311033 311033 311039 311040 311051 311039 311041 311040 311040 311040 311043 311040 311018 311041 311041 311046 311046 311046 311046 311040 311051 311040 311040 311043 311042 311038 311021 311019 311019 311025 311021 311038 311039 311047 311033 311021 311024 311046 311046 311021 311034 311021 311021 311021 311021 311021 311021 311021 311021 311021 311051 311046 311046 311046 311046
311051 311033 311033 311026 311033 311032 311044 311033 311043 311033 311039 311033 311033 311033 311033 311033 311033 311033 311033 311040 311039 311037 311039 311040 311046 311040 311040 311040 311041 311041 311041 311040 311046 311046 311046 311040 311040 311039 311043 311043 311038 311043 311019 311019 311038 311038 311039 311051 311039 311047 311047 311034 311021 311021 311021 311021 311021 311021 311021 311021 311021 311050 311021 311019 311033 311033 311033 311046 311046 311046 311046
311039 311024 311024 311033 311033 311044 311033 311033 311033 311033 311033 311033 311033 311033 311033 311033 311035 311035 311033 311046 311039 311037 311037 311037 311046 311040 311043 311040 311043 311041 311040 311018 311046 311046 311046 311040 311039 311030 311030 311030 311038 311038 311038 311038 311038 311033 311033 311051 311039 311039 311033 311033 311033 311021 311021 311021 311021 311021 311021 311021 311021 311050 311021 311021 311051 311051 311033 311046 311046 311051 311051
311033 311024 311026 311033 311021 311044 311033 311033 311033 311051 311033 311033 311019 311033 311033 311033 311033 311033 311033 311046 311039 311032 311046 311040 311046 311046 311043 311040 311040 311043 311046 311046 311046 311046 311040 311039 311039 311030 311019 311030 311033 311038 311019 311038 311019 311021 311033 311033 311039 311039 311047 311033 311021 311021 311021 311021 311021 311021 311021 311021 311047 311021 311021 311021 311021 311051 311033 311033 311033 311033 311033
311033 311032 311032 311021 311033 311033 311051 311019 311033 311033 311033 311033 311032 311032 311032 311033 311033 311033 311033 311021 311037 311037 311046 311040 311041 311043 311043 311043 311043 311043 311043 311043 311046 311039 311039 311039 311039 311030 311030 311030 311033 311033 311033 311019 311019 311033 311033 311033 311039 311039 311033 311033 311021 311021 311021 311024 311024 311021 311021 311021 311021 311021 311021 311021 311021 311033 311033 311021 311033 311033 311033
311033 311021 311021 311021 311033 311033 311019 311033 311051 311019 311033 311019 311032 311019 311033 311033 311033 311021 311033 311021 311037 311037 311037 -9999 311041 311037 311043 311043 311043 311033 311033 311044 311046 311039 311051 311039 311046 -9999 311039 311033 311033 311030 311033 311019 311019 311033 311021 311033 311033 311039 311039 311047 311033 311021 311021 311021 311021 311021 311021 311021 311021 311046 311046 311021 311021 311021 311019 311021 311019 311033 311019
311024 311032 311024 311046 311019 311019 311019 311019 311033 311033 311033 311026 311019 311033 311051 311033 311021 311033 311021 311021 311037 311037 311037 311037 311051 311037 311040 311033 311033 311033 311040 311044 311046 311030 311039 311039 311030 311046 311030 311039 311019 311033 311021 311019 311033 311033 311033 311033 311033 311039 311039 311039 311033 311033 -9999 311021 311021 311021 311033 311021 311046 311021 311021 311021 311021 311051 311019 311033 311021 311051 311021
311033 311033 311024 311046 311019 311046 311019 311033 311033 311033 311033 311026 311026 311051 311046 311039 311039 311033 311037 311037 311032 311030 311032 311032 311037 311037 311037 311037 311037 311030 311030 311039 311039 311051 311030 311039 311024 311046 311030 311030 311030 311030 311051 311051 311051 311033 311033 311033 311033 311039 311033 311033 311033 311033 311047 311021 311021 311047 311019 311033 311021 311021 311021 311021 311021 311021 311019 311021 311021 311021 311021
311033 311024 311019 311046 311019 311046 311033 311019 311026 -9999 311033 311026 311051 311046 311019 311046 311021 311021 311026 311021 311021 311030 311030 311037 311019 311037 311037 311019 311037 311019 311019 311030 311039 311030 311030 311030 311024 311030 311051 311030 311030 311019 311019 311019 311019 311051 311051 311051 311030 311030 311033 311033 311051 311033 311047 311047 311033 311033 311019 311033 311021 311021 311021 311021 311021 311021 311051 311021 311019 311021 311021
311045 311045 311046 311019 311026 311019 311019 311046 311046 -9999 -9999 311044 311044 311043 311046 311021 311021 311021 311024 311030 311030 311039 311046 311019 311026 311019 311019 311019 311019 311024 311024 311039 311039 311019 311051 311030 311024 311051 311030 311030 311030 311032 311030 311026 311030 311030 311019 311030 311026 311030 311030 311051 311033 311033 311033 311047 311047 311033 311033 311021 311021 311021 311033 311021 311021 311021 311034 311021 311019 311021 311033
311045 311019 311019 311019 311026 311026 311026 311051 311044 311043 311019 311019 311019 311019 311019 311033 -9999 -9999 -9999 -9999 311046 311026 311033 311051 311026 311019 311039 311032 311024 311024 311019 311019 311019 311019 311030 311019 311019 311030 311030 311030 311051 311019 311030 311019 311030 311030 311019 311030 311030 311030 311033 311051 311019 311033 311033 311033 311033 311047 311033 311033 311021 311021 311033 311021 311021 311021 311021 311021 311021 311021 311051
311019 311019 311019 311019 311019 311026 311046 311043 311026 311045 311019 311019 311026 311042 311042 311033 -9999 -9999 -9999 311019 311019 311026 311019 311033 311051 311019 311019 311019 311024 311026 311026 311027 311019 311020 311019 311030 -9999 311030 311030 311051 311030 311019 311024 311030 311030 311030 311030 311030 311030 311033 311033 311033 311033 311046 311035 311033 311033 311047 311033 311033 311033 311046 311046 311021 311021 311021 311051 311033 311021 311021 311021
311021 311021 311021 311026 311026 311046 311051 311019 311026 311019 311019 311046 311026 311026 311033 -9999 -9999 311019 311019 311019 311026 311019 311019 311019 311019 311051 311051 311019 311019 311026 311026 311051 311019 311019 311020 311027 311020 311030 311030 311030 311030 311019 311019 311030 311030 311019 311051 311019 311030 311024 311019 311019 311019 311019 311035 311019 311033 311046 311046 311033 311021 311033 311033 311021 311021 311021 311033 311021 311033 311021 311021
311026 311021 311021 311026 311019 311046 311044 311019 311026 311019 311043 311019 311019 311019 311019 311026 311051 311019 311019 311019 311024 311020 311020 311019 311019 311019 311019 311019 311051 311047 311019 311019 311019 311019 311019 311027 311020 311020 311020 311030 311020 311019 311030 311030 311026 311019 311030 311019 311019 311024 311024 311024 311019 311021 311019 311019 311033 311033 311046 311033 311033 311033 311046 311021 311033 311046 311019 311021 311033 311021 311021
311026 -9999 -9999 311046 311019 311051 311019 311019 311019 311019 311019 311026 311019 311026 311043 311026 311051 311051 311026 311051 311024 311024 311019 311019 311024 311026 311019 311019 311026 311019 311019 311019 311019 311019 311023 311023 311024 311024 311020 311020 311030 311030 311020 311030 311026 311030 311019 311051 311026 311024 311024 311024 311024 311019 311019 311019 311019 311033 311046 311033 311033 311033 311033 311021 311033 311033 311019 311033 311021 311021 311021
-9999 -9999 311019 311019 311051 311051 311039 311019 311051 311039 311042 311021 311042 311019 311051 311051 311051 311051 311019 311019 311019 311019 311019 311020 311019 311026 311024 311024 311026 311019 311019 311020 311020 311019 311023 311020 311020 311027 311020 311027 311027 311020 311020 311020 311020 311020 311020 311027 311051 311023 311024 311024 311024 311046 311046 311019 311033 311033 311046 311033 311021 311021 311021 311033 311021 311021 311033 311019 311021 311021 311021
391042 -9999 -9999 391041 391042 311039 311039 311033 311033 311046 311033 311033 311043 311051 311051 311026 311026 311026 311024 311019 311019 311019 311024 311026 311027 311024 311024 311024 311024 311024 311024 311020 311027 311019 311020 311020 311027 311027 311027 311020 311027 311020 311020 311020 311020 311020 311027 311027 311027 311020 311023 311020 311036 311020 311019 311019 311021 311021 311031 311033 311033 311020 311033 311033 311021 311033 311021 311021 311021 311021 311051
391028 391028 -9999 391042 -9999 391008 391015 391032 391025 391039 391010 391042 391042 391015 391008 311024 311026 311026 311024 311019 311019 311051 311051 311024 311020 311020 311020 311020 311027 311027 311019 311019 311051 311020 311027 311020 311020 311020 311020 311027 311027 311020 311020 311020 311020 311020 311027 311027 311020 311051 311023 311020 311020 311020 311036 311046 311031 311031 311046 311020 311020 311031 311031 311033 311020 311020 311021 311021 311033 311021 311021
391028 391025 391025 -9999 391015 391008 391008 391025 391042 391042 391042 391042 391008 391008 391008 391015 391015 391015 391015 391015 391008 391042 391042 391008 391042 311019 311019 311019 311019 311027 311027 311027 311051 311023 311023 311020 311020 311020 311023 311020 311027 311027 311020 311020 311020 311020 311020 311020 311023 311023 311023 311020 311020 311020 311036 311031 311020 311036 311036 311031 311031 311020 311023 311023 311023 311023 311023 311036 311023 311020 311020
391032 391027 391032 391015 391015 391008 391025 391042 391042 391008 391012 391015 391015 391032 391008 391042 391031 391042 391008 391008 391015 391012 391008 391008 391012 391042 391012 391008 391008 391042 391042 391009 391009 391009 391009 311020 311020 311020 311023 311020 311027 311027 311020 311020 311020 311020 311027 311020 311023 311020 311020 311020 311036 311020 311046 311020 311031 311033 311021 311036 311031 311031 311031 311023 311023 311023 311046 311023 311023 311036 311031
391012 391008 391027 391008 391025 391042 391042 391042 391008 391012 391012 391008 391008 391042 391042 391031 391015 391008 391008 391008 391015 391012 391008 391008 391008 391008 391008 391008 391008 391042 391010 391010 391009 391009 391009 391009 391009 391009 391009 391009 391009 391009 391009 391009 391009 391009 311020 311020 311020 311020 311020 311020 311020 311020 311036 311046 311036 311046 311036 311021 311031 311031 311031 311023 311020 311020 311023 311023 311023 311036 311036
391008 391008 391025 391025 391042 391039 391008 391025 391015 391008 391008 391025 391042 391042 391008 391008 391042 391042 391008 391012 391012 391042 391012 391008 391042 391012 391012 391008 391015 391015 391015 391012 391012 391042 391010 391009 391009 391042 391009 391009 391009 391009 391009 391009 391009 391009 391009 391009 391009 391009 391009 391009 391009 391009 391024 391009 311046 311033 311033 311020 311020 311020 311020 311020 311020 311020 311023 311023 311023 311027 311051
391025 391025 391042 391008 391008 391008 391008 391008 391015 391015 391025 391042 391015 391012 391042 391042 391010 391032 391010 391012 391042 391012 391008 391008 391042 391042 391008 391008 391008 391010 391010 391008 391010 391010 391010 391010 391042 391009 391015 391009 391008 391008 391009 391009 391009 391009 391042 391009 391009 391009 391009 391009 391009 391009 391009 391024 391041 391025 391010 391025 391009 391009 391009 391009 391009 391009 391009 391009 311020 311020 311051
391017 391042 391008 391008 391012 391012 391008 391015 391015 391028 391039 391008 391008 391010 391032 391010 391010 391010 391010 391015 391012 391015 391008 391008 391008 391008 391008 391008 391042 391008 391008 391008 391008 391010 391015 391010 391010 391041 391010 391015 391041 391008 391008 391008 391009 391008 391009 391009 391009 391009 391042 391009 391009 391009 391009 391025 391025 391025 391010 391025 391010 391010 391009 391009 391023 391023 391009 391009 391009 391009 391024
391027 391008 391008 391008 391015 391015 391008 391032 391041 391041 391015 391015 391032 391032 391041 391010 391015 391010 391012 391010 391042 391008 391008 391010 391010 391008 391008 391042 391010 391010 391010 391008 391008 391008 391015 391015 391010 391010 391010 391042 391010 391041 391041 391015 391008 391008 391012 391015 391009 391009 391042 391009 391009 391009 391009 391025 391041 391025 391010 391025 391008 391010 391010 391010 391008 391023 391009 391009 391009 391009 391009
391027 391012 391008 391015 391015 391041 391041 391041 391041 391038 391041 -9999 391025 391025 391041 391015 391015 391041 391010 391010 391010 391008 391008 391010 391008 391008 391040 391010 391010 391010 391010 391010 391010 391010 391010 391008 391010 391015 391010 391010 391010 391042 391042 391042 391008 391008 391008 391042 391010 391010 391008 391009 391010 391009 391024 391025 391041 391025 391010 391010 391025 391008 391008 391010 391008 391010 391009 391009 391009 391009 391009
