data/soil/buek200_1000_31469_gk5.asc
ncols         643
nrows         875
xllcorner     4860189.0000000000
yllcorner     5248225.0000000000
cellsize      1000.0000000000
nodata_value  -9999.0000000000
[rows 704 to 735 of 875, columns 497 to 567 of 643]
714245 714245 714245 714245 714245 714241 714242 714242 714242 714242 714242 714242 714242 714242 714241 714241 714257 714242 714241 714241 714257 714241 714245 714241 714241 714241 714241 714241 714241 714241 714241 714241 714245 714258 714245 714239 714258 714258 714241 714245 714245 714239 714239 714239 -9999 -9999 -9999 -9999 -9999 -9999 -9999 -9999 -9999 -9999 -9999 -9999 -9999 -9999 -9999 -9999 -9999 -9999 -9999 -9999 -9999 -9999 -9999 -9999 -9999 -9999 -9999
714245 -9999 -9999 -9999 714245 714245 714242 -9999 714242 714242 714242 714242 714242 714241 714241 714241 714241 714242 714257 714241 714241 714241 714257 714241 714241 714245 714241 714241 714241 714241 714241 714241 714241 714245 714245 714239 714245 714245 714258 714241 714241 714239 714239 714239 714239 -9999 -9999 -9999 -9999 -9999 -9999 -9999 -9999 -9999 -9999 -9999 -9999 -9999 -9999 -9999 -9999 -9999 -9999 -9999 -9999 -9999 -9999 -9999 -9999 -9999 -9999
714245 714245 714245 714245 714236 714245 714245 -9999 714242 714242 714242 714245 714242 714241 714241 714257 714241 714241 714241 714241 714241 714241 714257 714242 714241 714241 714241 714241 714241 714257 714241 714241 714241 714241 714245 714245 714245 714245 714241 714241 714258 714245 714245 714239 714239 -9999 -9999 -9999 -9999 714258 -9999 -9999 -9999 -9999 -9999 -9999 -9999 -9999 -9999 -9999 -9999 -9999 -9999 -9999 -9999 -9999 -9999 -9999 -9999 -9999 -9999
714245 714245 714241 714245 714245 714241 714245 714245 714245 714245 714242 714242 714242 714242 714241 714241 714257 714257 714241 714245 714241 714241 714257 714241 714241 714241 714241 714241 714257 714257 714241 714241 714258 714241 714241 714241 714241 714241 714241 714245 714258 714241 714245 714239 714239 714239 714239 714239 714239 714245 714245 -9999 -9999 -9999 -9999 -9999 -9999 -9999 -9999 -9999 -9999 -9999 -9999 -9999 -9999 -9999 -9999 -9999 -9999 -9999 -9999
714241 714241 714241 714245 714241 714241 714241 714245 714245 714245 714241 714241 714241 714241 714241 714257 714241 714251 714257 714241 714245 714242 714245 714241 714257 714241 714241 714241 714241 714241 714241 714257 714241 714241 714241 714241 714241 714241 714245 714241 714241 714245 714245 714258 714239 714239 714258 714239 714258 714258 714239 -9999 -9999 -9999 -9999 -9999 -9999 -9999 -9999 -9999 -9999 -9999 -9999 -9999 -9999 -9999 -9999 -9999 -9999 -9999 -9999
714241 714241 714242 714241 714241 714242 714241 714241 714241 714241 714241 714242 714242 714241 714241 714241 714241 714241 714241 714241 714241 714242 714245 714241 714245 714241 714241 714241 714241 714245 714241 714241 714241 714241 714241 714241 714241 714241 714241 714258 714245 714245 714239 714239 714239 714239 714252 714239 714239 714239 714239 -9999 -9999 -9999 -9999 -9999 -9999 -9999 -9999 -9999 -9999 -9999 -9999 -9999 -9999 -9999 -9999 -9999 -9999 -9999 -9999
714241 714241 714242 714241 714241 714242 714241 714257 714241 714241 714241 714241 714242 714241 714241 714241 714241 714241 714241 714241 714241 714241 714241 714245 714245 714245 714241 714241 714241 714245 714245 714241 714241 714241 714241 714256 714241 714241 714241 714245 714245 714258 714258 714241 714241 714239 714239 714236 714239 714239 714239 714257 -9999 -9999 -9999 -9999 -9999 -9999 -9999 -9999 -9999 -9999 -9999 -9999 -9999 -9999 -9999 -9999 -9999 -9999 -9999
714241 714241 714242 714242 714257 714257 714257 714241 714245 714245 714241 714242 714242 714242 714241 714241 714241 714245 714241 714204 714241 714241 714241 714245 714245 714245 714241 714241 714245 714245 714245 714241 714241 714241 714241 714241 714245 714241 714258 714241 714258 714241 714241 714241 714241 714239 714239 714239 714239 714239 714239 714245 -9999 -9999 -9999 -9999 -9999 -9999 -9999 -9999 -9999 -9999 -9999 -9999 -9999 -9999 -9999 -9999 -9999 -9999 -9999
714241 714241 714220 714242 714242 714242 714242 714245 714245 714245 714241 714245 714245 714245 714245 714245 714242 714245 714245 714241 714241 714204 714241 714241 714245 714245 714245 714245 714245 714245 714242 714241 714241 714241 714256 714241 714241 714258 714241 714241 714241 714245 714239 714239 714239 714239 714258 714239 714239 714239 714258 714245 714257 714247 -9999 -9999 -9999 -9999 -9999 -9999 -9999 -9999 -9999 -9999 -9999 -9999 -9999 -9999 -9999 -9999 -9999
714241 714241 714220 714242 714242 714242 714242 714245 714245 714241 714241 714245 714245 714241 714236 714245 714245 714245 714241 714241 714241 714241 714241 714241 714241 714245 714241 714245 714241 714245 714241 714241 714241 714241 714241 714241 714256 714241 714241 714241 714241 714241 714245 714245 714239 714247 714247 714247 714247 714258 714247 714247 714247 714247 -9999 -9999 -9999 -9999 -9999 -9999 -9999 -9999 -9999 -9999 -9999 -9999 -9999 -9999 -9999 -9999 -9999
714241 714241 714220 714241 714241 714241 714241 714245 714245 714241 714241 714241 714241 714241 714241 714245 714241 714241 714241 714240 714240 714241 714240 714241 714241 714241 714241 714241 714241 714242 714245 714241 714241 714241 714241 714241 714241 714241 714241 714258 714258 714241 714241 714241 714245 714239 714252 714258 714247 -9999 714247 -9999 714247 714257 714247 -9999 -9999 -9999 -9999 -9999 -9999 -9999 -9999 -9999 -9999 -9999 -9999 -9999 -9999 -9999 -9999
794261 794250 794208 794261 794261 794261 794261 794261 794261 794261 794261 794261 794261 794257 794261 794261 794259 794259 794259 794259 794259 794259 794259 794261 794261 794261 794261 794261 794261 794262 794206 794261 794261 794257 794257 794261 794261 714241 714245 714241 714241 714241 714241 714241 714241 714239 714247 714247 714247 714247 714247 714241 714241 714247 714247 -9999 -9999 -9999 -9999 -9999 -9999 -9999 -9999 -9999 -9999 -9999 -9999 -9999 -9999 -9999 -9999
794250 794250 794250 794251 794240 794240 794261 794261 794269 794261 794261 794269 794257 794257 794261 794259 794259 794259 794259 794259 794260 794259 794259 794259 794206 794261 794261 794261 794261 794262 794261 794261 794261 794257 794257 794257 794257 794261 794257 794257 794257 794261 794261 794266 794261 794258 794261 794267 794261 794261 794264 794261 794261 794265 794265 794264 -9999 -9999 -9999 -9999 -9999 -9999 -9999 -9999 -9999 -9999 -9999 -9999 -9999 -9999 -9999
794249 794250 794208 794250 794262 794240 794240 794240 794250 794261 794261 794261 794257 794257 794261 794259 794267 794267 794267 794267 794260 794260 794259 794259 794262 794261 794261 794261 794261 794206 794237 794261 794261 794261 794261 794257 794257 794261 794257 794261 794261 794267 794261 794261 794261 794261 794261 794261 794261 794261 794261 794257 794264 794265 794265 -9999 -9999 -9999 -9999 -9999 -9999 -9999 -9999 -9999 -9999 -9999 -9999 -9999 -9999 -9999 -9999
794241 794249 794250 794250 794250 794250 794250 794240 794250 794261 794261 794261 794257 794261 794259 794259 794267 794259 794259 794259 794259 794259 794259 794259 794262 794206 794261 794261 794262 794261 794261 794261 794261 794261 794261 794261 794261 794261 794257 794257 794261 794261 794261 794261 794261 794261 794261 794261 794261 794261 794257 794267 794257 794264 794265 794265 -9999 -9999 -9999 -9999 -9999 -9999 -9999 -9999 -9999 -9999 -9999 -9999 -9999 -9999 -9999
794241 794249 794250 794250 794250 794240 794267 794240 794250 794261 794261 794261 794261 794260 794260 794259 794259 794259 794259 794259 794259 794260 794259 794261 794261 794255 794255 794261 794262 794261 794206 794261 794261 794257 794261 794261 794261 794261 794261 794261 794261 794261 794267 794261 794261 794261 794257 794261 794261 794261 794257 794257 794257 794268 794268 794265 794265 -9999 -9999 -9999 -9999 -9999 -9999 -9999 -9999 -9999 -9999 -9999 -9999 -9999 -9999
794241 794249 794250 794251 794253 794250 794240 794240 794250 794269 794250 794269 794262 794267 794259 794260 794260 794259 794259 794259 794259 -9999 794259 794261 794261 794261 794261 794255 794237 794261 794206 794261 794261 794261 794261 794267 794261 794261 794261 794261 794261 794261 794266 794261 794261 794261 794261 794257 794261 794261 794261 794257 794267 794261 794261 794261 -9999 -9999 -9999 -9999 -9999 -9999 -9999 -9999 -9999 -9999 -9999 -9999 -9999 -9999 -9999
-9999 794267 794249 794251 794250 794250 794250 794239 794250 794250 794269 794269 794237 794259 794262 794263 794263 794259 794259 794259 794259 794259 794261 794261 794237 794237 794261 794206 794267 794261 794206 794257 794237 794267 794261 794206 794206 794261 794206 794266 794261 794267 794261 794266 794261 794267 794261 794261 -9999 794261 794261 794261 794267 794261 794261 794261 -9999 -9999 -9999 -9999 -9999 -9999 -9999 -9999 -9999 -9999 -9999 -9999 -9999 -9999 -9999
794241 794249 794267 794255 794255 794250 794250 794250 794267 794240 794250 794239 794263 794263 794269 794240 794267 794259 794259 794259 794259 794259 794261 794261 794262 794261 794261 794255 794261 794261 794206 794237 794237 794262 794206 794261 794262 794257 794257 794267 794261 794261 794261 794261 794267 794267 794261 794261 794261 794261 794266 794261 794267 794261 794261 794261 -9999 -9999 -9999 -9999 -9999 -9999 -9999 -9999 -9999 -9999 -9999 -9999 -9999 -9999 -9999
794203 794203 794255 794255 794262 794240 794262 794267 794237 794269 794250 794240 794239 794263 794267 794263 794259 794260 794259 794259 794259 794261 794261 794261 794261 794261 794262 794261 794206 794261 794206 794261 794262 794206 794262 794262 794261 794261 794261 794261 794261 794261 794261 794267 794261 794261 794261 794261 794261 -9999 794262 794267 794267 794261 794261 794261 -9999 -9999 -9999 -9999 -9999 -9999 -9999 -9999 -9999 -9999 -9999 -9999 -9999 -9999 -9999
794205 794203 -9999 794211 794255 794262 794262 794269 794263 794263 794250 794240 794263 794263 794263 794263 794263 794259 794259 794259 794261 794261 794261 794261 794261 794261 794261 794261 794255 794206 794255 794255 794261 794237 794262 794262 794261 794261 794267 794267 794261 794267 794267 794261 794261 794261 794261 794261 794261 794267 794261 794261 794266 794267 794262 -9999 -9999 -9999 -9999 -9999 -9999 -9999 -9999 -9999 -9999 -9999 -9999 -9999 -9999 -9999 -9999
794210 794210 794203 794203 794255 794262 794255 794255 794263 794263 794250 794239 794263 794269 794263 794263 794263 794259 794261 794261 794261 794263 794263 794261 794261 794261 794261 794261 794261 794261 794261 794237 794261 794261 794269 794261 794261 794261 794261 794257 794261 794261 794261 794267 794261 794267 794261 794267 794261 794261 794257 794261 794261 794267 -9999 -9999 -9999 -9999 -9999 -9999 -9999 -9999 -9999 -9999 -9999 -9999 -9999 -9999 -9999 -9999 -9999
794210 794210 794205 794205 794211 794251 794251 794263 794263 794263 794263 794267 794267 794269 794263 794239 794237 794261 794261 794263 794261 794263 794267 794261 794267 794263 794261 794261 794261 794261 794267 794261 794261 794261 794269 794261 794261 794261 794261 794261 -9999 794261 794261 794261 794261 794261 794261 794257 794261 794261 794261 794261 794261 794261 794261 -9999 -9999 -9999 -9999 -9999 -9999 -9999 -9999 -9999 -9999 -9999 -9999 -9999 -9999 -9999 -9999
794210 794210 -9999 794205 794262 794255 794255 794263 794263 794263 794263 794263 794263 794263 794269 794263 794237 794263 794263 794263 794263 794261 794267 794263 794267 794263 794263 794263 794255 794267 794261 794261 794261 794263 794269 794261 794261 794261 794261 794261 794261 794261 794257 794261 794261 794261 794261 794261 794261 794267 794261 794261 794261 794267 794266 794261 794261 -9999 -9999 -9999 -9999 -9999 -9999 -9999 -9999 -9999 -9999 -9999 -9999 -9999 -9999
794210 794205 794205 794205 794211 794255 794255 794263 794263 794251 794263 794261 794263 794263 794263 794269 794267 794263 794263 794237 794263 794263 794263 794263 794263 794267 794263 794263 794255 794263 794263 794261 794263 794263 794269 794261 794262 794261 794257 794257 794261 794261 794261 794261 794261 794267 794261 794261 794266 794261 794261 794261 794261 -9999 794261 -9999 -9999 -9999 -9999 -9999 -9999 -9999 -9999 -9999 -9999 -9999 -9999 -9999 -9999 -9999 -9999
794247 794247 794210 794210 794211 794211 794255 794263 794262 794237 794263 794263 794263 794263 794239 794263 794263 794269 794263 794240 794269 794263 794263 794263 794263 794267 794263 794206 794263 794263 794263 794263 794263 794261 794263 794262 794262 794261 794257 794261 794261 794261 794261 794261 794261 794266 794261 794261 794261 794261 794261 -9999 794261 794261 794267 794261 -9999 -9999 -9999 -9999 -9999 -9999 -9999 -9999 -9999 -9999 -9999 -9999 -9999 -9999 -9999
794251 794251 794247 794247 794247 794262 -9999 794255 794261 794263 794263 794263 794262 794263 794263 794263 794263 794263 794237 794263 794269 794263 794261 794263 794263 794263 794263 794263 794237 794237 794263 794267 794263 794263 794263 794269 794262 794261 794261 794261 794257 794261 794261 794261 794261 794261 794261 794261 794261 -9999 794261 794261 794261 794261 794261 794261 -9999 -9999 -9999 -9999 -9999 -9999 -9999 -9999 -9999 -9999 -9999 -9999 -9999 -9999 -9999
794250 794248 794251 794247 794247 794247 794262 794210 794255 794263 794255 794263 794263 794263 794263 794263 794263 794263 794263 794263 794263 794263 794263 794237 794263 794263 794237 794263 794263 794263 794237 794237 794237 794263 794263 794263 794269 794261 794261 794262 794257 794261 794262 794261 794261 794261 794261 794261 794261 794261 794257 794261 794261 794261 794257 794261 -9999 -9999 -9999 -9999 -9999 -9999 -9999 -9999 -9999 -9999 -9999 -9999 -9999 -9999 -9999
794250 794250 794250 794250 794250 794262 794256 794262 794210 794255 794255 794263 794263 794263 794237 794237 794263 794263 794261 794263 794263 794263 794263 794237 794263 794262 794263 794255 794263 794263 794263 794267 794263 794263 794263 794263 794263 794261 794261 794263 794262 794262 794262 794261 794262 794257 794261 794261 794261 794261 794257 794261 794261 794261 794257 -9999 -9999 -9999 -9999 -9999 -9999 -9999 -9999 -9999 -9999 -9999 -9999 -9999 -9999 -9999 -9999
794233 794233 794234 794234 794233 794233 794233 794262 794256 794241 794255 794255 794263 794263 794255 794263 794263 794263 794263 794263 794263 794263 794263 794263 794263 794263 794263 794255 794263 794263 794263 794240 794263 794263 794263 794263 794263 794262 794263 794263 794267 794262 794262 794262 794262 794261 794261 794261 -9999 794261 794266 794261 794261 794261 794261 794261 -9999 -9999 -9999 -9999 -9999 -9999 -9999 -9999 -9999 -9999 -9999 -9999 -9999 -9999 -9999
794230 794234 794230 794234 794234 794234 794230 794237 794241 794248 794263 794247 794255 794263 794263 794263 794267 794263 794263 794263 794263 794263 794263 794263 794263 794263 794263 794255 794263 794263 794263 794263 794263 794263 794263 794263 794263 794269 794263 794267 794263 794262 794262 794262 794261 794261 794261 794261 794261 794261 794261 794261 794261 794261 794261 794261 -9999 -9999 -9999 -9999 -9999 -9999 -9999 -9999 -9999 -9999 -9999 -9999 -9999 -9999 -9999
794250 794250 794250 794250 794250 794230 794230 794241 794250 794248 794237 794263 -9999 794255 794248 794255 794255 794263 794263 794263 794263 794240 794239 794269 794240 794263 794263 794206 794239 794239 794263 794263 794263 794267 794263 794263 794263 794255 794267 794263 794263 794262 794262 794267 794261 794261 794261 794261 794267 794261 794261 794261 794261 794267 794267 794261 -9999 -9999 -9999 -9999 -9999 -9999 -9999 -9999 -9999 -9999 -9999 -9999 -9999 -9999 -9999
