data/soil/buek200_1000_25832_etrs89-utm32n.asc
ncols        641
nrows        866
xllcorner    280356.848233341298
yllcorner    5235360.556800000370
cellsize     1000.000000000000
NODATA_value -9999
[rows 160 to 191 of 866, columns 497 to 567 of 641]
314228 314210 314210 314200 314200 314210 314210 314211 314211 314211 314227 314211 314211 314227 314245 314245 314245 314245 314245 314228 314228 314245 314245 314245 314245 314228 314228 314228 314228 314228 314245 314249 314245 314228 314228 314228 314228 314228 314228 314228 314228 314228 314269 314211 314227 314228 314227 314227 314206 314227 314268 314268 314274 314211 315014 315014 315014 315067 315070 315041 315041 315070 315070 315070 315070 315067 315067 315066 315064 315066 315014
314210 314210 314200 314200 314210 314228 314253 314254 314210 314211 314211 314211 314211 314245 314245 314245 314245 314228 314250 314250 314228 314249 314245 314211 314238 314249 314249 314245 314245 314245 314245 314245 314228 314228 314228 314228 314228 314228 314228 314228 314223 314254 314269 314226 314211 314226 314228 314227 314227 314268 314268 314260 314254 314298 315014 315028 315014 315014 315041 315041 315029 315029 315066 315070 315070 315066 315066 315066 315066 315066 315014
314210 314210 314200 314200 314211 314211 314228 314228 314210 314211 314211 314227 314227 314227 314227 314249 314245 314245 314228 314228 314228 314228 314249 314211 314211 314249 314249 314245 314245 314245 314245 314254 314206 314206 314228 314228 314228 314228 314228 314228 314250 314252 314226 314226 314226 314211 314228 314211 314227 314227 314227 314254 314211 314211 315014 315014 315014 315028 315051 315051 315029 315066 315029 315066 315067 315066 315066 315066 315066 315066 315066
314210 314200 314200 314210 314210 314227 314227 314228 314210 314211 314211 314227 314228 314249 314249 314249 314228 314228 314211 314228 314228 314249 314227 314211 314227 314227 314249 314249 314249 314238 314245 314245 314206 314206 314237 314228 314245 314245 314245 314228 314211 314250 314226 314238 314226 314211 314206 314227 314227 314227 314210 314238 314211 314261 315051 315051 315014 315028 315054 315051 315029 315029 315014 315066 315066 315070 315066 315066 315066 315070 315070
314210 314200 314200 314210 314211 314211 314227 314228 314206 314227 314227 314227 314228 314228 314228 314206 314249 314249 314249 314249 314249 314228 314227 314211 314245 314227 314249 314249 314249 314238 314244 314244 314244 314237 314237 314237 314245 314254 314226 314226 314226 314226 314226 314226 314238 314252 314206 314228 314228 314210 314254 314238 314238 314211 315051 315051 315051 315014 315051 315054 315029 315010 315028 315014 315014 315066 315070 315066 315066 315066 315066
314200 314200 314210 314210 314228 314227 314227 314238 314206 314227 314228 314254 314228 314228 314206 314249 314249 314249 314249 314249 314211 314227 314227 314211 314245 314249 314249 314238 314238 314211 314254 314228 314244 314237 314237 314245 314245 314245 314245 314226 314226 314226 314226 314226 314226 314238 314228 314228 314228 314254 314227 314238 314238 314211 315014 315050 315014 315014 315029 315051 315051 315028 315028 315010 315010 315010 315066 315066 315066 315066 315066
314200 314200 314210 314228 314228 314227 314238 314238 314227 314227 314211 314227 314211 314206 314206 314249 314249 314249 314244 314244 314254 314211 314227 314245 314245 314249 314249 314254 314245 314245 314245 314228 314237 314237 314248 314248 314226 314226 314226 314226 314226 314248 314226 314226 314226 314238 314228 314228 314228 314254 314227 314238 314237 314238 315046 315014 315029 315029 315029 315029 315051 315028 315028 315042 315010 315010 315029 315070 315066 315066 315046
314200 314210 314227 314227 314227 314238 314249 314238 314238 314227 314227 314254 314211 314227 314211 314227 314249 314244 314244 314244 314244 314211 314211 314227 314211 314246 314246 314211 314211 314245 314245 314228 314237 314226 314255 314226 314226 314248 314226 314226 314226 314226 314238 314226 314226 314238 314228 314228 314228 314227 314238 314238 314237 314228 315029 315029 315028 315029 315029 315029 315051 315028 315014 315014 315028 315028 315029 315070 315070 315070 315014
314227 314227 314227 314227 314227 314238 314238 314227 314227 314227 314254 314227 314227 314227 314227 314227 314227 314238 314211 314244 314249 314249 314227 314227 314246 314246 314246 314254 314245 314245 314226 314226 314226 314226 314226 314226 314248 314248 314227 314227 314226 314226 314200 314226 314229 314229 314292 314292 314292 314227 314238 314237 314228 314229 314228 315028 315028 315028 315038 315029 315029 315028 315014 315047 315028 315042 315014 315070 315041 315070 315070
314211 314211 314211 314249 314249 314249 314238 314227 314227 314211 314227 314227 314227 314227 314227 314227 314227 314238 314211 314249 314249 314249 314211 314227 314246 314211 314246 314246 314246 314226 314246 314200 314226 314225 314226 314226 314248 314248 314226 314226 314226 314226 314256 314229 314294 314229 314292 314294 314294 314227 314227 314229 314229 314200 314229 315030 315028 315028 315038 315029 315029 315028 315034 315034 315028 315028 315028 315014 315069 315068 315070
314211 314200 314211 314249 314249 314238 314238 314227 314227 314227 314227 314227 314227 314238 314238 314227 314227 314200 314249 314249 314211 314249 314228 314228 314245 314245 314207 314246 314246 314246 314246 314226 314226 314226 314226 314225 314248 314238 314226 314226 314226 314229 314229 314294 314226 314226 314292 314294 314238 314227 314238 314229 314229 314229 314229 315030 315030 315028 315038 315029 315029 315028 315034 315034 315034 315028 315028 315014 315070 315068 315070
314228 314211 314211 314254 314254 314238 314238 314227 314211 314200 314244 314227 314227 314228 314227 314227 314211 314227 314249 314211 314228 314228 314228 314249 314246 314254 314207 314245 314246 314246 314255 314226 314226 314226 314226 314226 314226 314226 314226 314226 314252 314226 314226 314226 314226 314226 314294 314294 314238 314252 314229 314229 314229 314229 314229 315030 315031 315030 315029 315029 315029 315028 315000 315034 315034 315031 315028 315038 315070 315068 315070
314228 314228 314211 314211 314211 314249 314211 314211 314200 314227 314244 314245 314228 314228 314227 314227 314227 314249 314227 314211 314249 314249 314249 314249 314246 314227 314227 314246 314246 314246 314255 314226 314226 314226 314226 314226 314226 314225 314225 314252 314252 314226 314226 314226 314226 314226 314294 314238 314238 314229 314229 314229 314229 314229 314229 315030 315031 315038 315038 315038 315038 315028 315031 315031 315031 315031 315031 315028 315070 315068 315072
314261 314228 314228 314245 314211 314249 314211 314254 314227 314244 314245 314245 314228 314228 314254 314227 314227 314211 314227 314227 314249 314249 314249 314246 314246 314250 314211 314211 314200 314200 314226 314226 314226 314226 314229 314226 314226 314226 314226 314226 314256 314226 314226 314226 314226 314226 314294 314238 314229 314229 314229 314229 314200 314229 314229 315030 315030 315030 315038 315038 315028 315031 315028 315028 315028 315031 315028 315028 315068 315068 315072
314261 314228 314228 314245 314245 314249 314249 314254 314227 314250 314245 314245 314228 314211 314211 314227 314227 314227 314227 314254 314249 314249 314249 314249 314246 314254 314226 314226 314226 314226 314226 314226 314255 314226 314226 314219 314226 314226 314255 314255 314226 314254 314226 314226 314226 314226 314294 314294 314294 314294 314205 314294 314229 314227 314227 315009 315009 315009 315000 315028 315028 315028 315031 315031 315031 315028 315028 315028 315069 315068 315072
314236 314228 314228 314228 314200 314200 314207 314211 314211 314250 314245 314250 314250 314250 314227 314227 314249 314249 314228 314228 314249 314228 314237 314249 314246 314200 314200 314226 314226 314226 314226 314226 314222 314222 314219 314219 314226 314226 314255 314226 314226 314226 314226 314222 314226 314294 314294 314294 314226 314205 314205 314205 314294 314256 314205 315009 315009 315009 315024 315028 315028 315031 315031 315048 315000 315048 315030 315030 315069 315068 315072
314261 314249 314228 314228 314211 314250 314207 314211 314249 314250 314250 314250 314250 314245 314228 314249 314249 314249 314228 314228 314249 314228 314237 314237 314237 314200 314220 314226 314226 314232 314226 314255 314222 314222 314222 314219 314219 314226 314226 314226 314226 314226 314252 314222 314222 314294 314294 314294 314226 314226 314205 314205 314256 314256 314252 315045 315045 315009 315024 315031 315031 315031 315030 315030 315031 315027 315028 315027 315069 315068 315070
314254 314249 314260 314237 314211 314200 314250 314250 314249 314250 314250 314250 314228 314245 314228 314228 314228 314228 314228 314228 314249 314228 314200 314237 314237 314244 314226 314226 314226 314226 314255 314226 314226 314226 314222 314222 314226 314226 314226 314226 314226 314226 314252 314222 314222 314294 314294 314294 314226 314226 314226 314227 314205 314205 314256 315045 315009 315024 315024 315028 315031 315031 315031 315031 315031 315031 315027 315028 315069 315072 315070
314238 314260 314260 314211 314211 314250 314250 314250 314249 314250 314250 314250 314211 314245 314260 314260 314237 314228 314249 314249 314228 314211 314237 314237 314244 314226 314229 314226 314232 314232 314226 314226 314255 314222 314222 314222 314226 314226 314226 314255 314234 314234 314255 314222 314222 314294 314294 314294 314226 314226 314205 314205 314256 314227 314227 315025 315009 315024 315028 315028 315028 315031 315031 315031 315031 315027 315027 315030 315069 315070 315029
314260 314200 314260 314260 314211 314200 314247 314250 314250 314250 314238 314250 314250 314211 314260 314237 314237 314211 314211 314228 314200 314200 314237 314230 314230 314200 314229 314200 314271 314232 314255 314226 314255 314226 314234 314256 314230 314226 314256 314234 314233 314234 314255 314222 314294 314294 314205 314226 314226 314205 314205 314256 314227 314229 314229 315030 315031 315045 315028 315028 315028 315028 315031 315031 315031 315030 315030 315072 315070 315029 315029
314261 314260 314278 314261 314200 314206 314250 314250 314250 314250 314238 314238 314238 314250 314250 314211 314237 314211 314236 314200 314238 314228 314237 314230 314230 314230 314230 314263 314263 314263 314235 314235 314255 314255 314234 314256 314256 314256 314234 314234 314233 314233 314205 314226 314294 314294 314205 314226 314227 314256 314205 314256 314205 314256 314229 315048 315031 315031 315045 315028 315028 315028 315031 315028 315027 315030 315070 315070 315029 315029 315029
314261 314261 314278 314261 314211 314227 314227 314206 314206 314250 314250 314238 314238 314228 314228 314228 314237 314237 314200 314261 314238 314228 314237 314200 314230 314230 314230 314263 314263 314271 314235 314234 314234 314234 314234 314256 314256 314234 314234 314234 314234 314205 314226 314226 314294 314294 314205 314227 314256 314205 314256 314205 314205 314205 314256 315032 315031 315031 315045 315028 315028 315028 315028 315028 315027 315030 315070 315038 315029 315014 315029
314257 314261 314278 314211 314211 314211 314227 314227 314227 314260 314237 314250 314200 314228 314245 314245 314245 314260 314200 314238 314228 314228 314250 314250 314230 314230 314230 314263 314263 314263 314235 314234 314234 314218 314234 314234 314226 314226 314226 314226 314234 314205 314255 314226 314256 314294 314293 314205 314256 314256 314205 314205 314256 314231 314205 314230 315031 315045 315009 315045 315028 315028 315028 315028 315030 315070 315026 315014 315038 315029 315028
314257 314261 314261 314200 314261 314236 314243 314261 314227 314260 314260 314237 314228 314228 314245 314245 314227 314261 314261 314261 314228 314228 314200 314250 314230 314230 314230 314263 314265 314254 314235 314234 314234 314234 314234 314226 314226 314226 314226 314222 314234 314234 314205 314254 314294 314294 314205 314256 314205 314205 314205 314205 314205 314230 314230 314205 315009 315009 315009 315045 315028 315028 315028 315030 315070 315026 315014 315012 315014 315028 315028
314268 314268 314268 314268 314261 314261 314261 314261 314261 314261 314261 314261 314243 314268 314249 314238 314211 314262 314268 314200 314228 314228 314230 314230 314230 314230 314230 314263 314263 314267 314267 314263 314263 314263 314222 314233 314224 314226 314226 314226 314254 314254 314254 314254 314229 314200 314256 314256 314205 314205 314205 314205 314205 314230 314230 314205 315009 315009 315009 315009 315045 315028 315030 315070 315014 315026 315026 315028 315012 315028 315038
314268 314268 314268 314272 314278 314269 314269 314269 314269 314269 314269 314268 314211 314268 314249 314238 314211 314200 314261 314200 314200 314245 314230 314230 314230 314230 314230 314230 314263 314267 314267 314263 314263 314263 314224 314233 314226 314226 314226 314254 314218 314226 314229 314234 314229 314294 314200 314256 314205 314205 314200 314230 314230 314205 314231 314205 315009 315009 315028 315009 315009 315009 315070 315013 315026 315026 315029 315029 315028 315028 315028
314268 314200 314200 314249 314278 314269 314269 314269 314269 314269 314269 314276 314262 314268 314257 314249 314211 314269 314269 314200 314200 314245 314200 314200 314230 314230 314218 314230 314263 314263 314263 314263 314263 314222 314222 314226 314254 314229 314254 314254 314218 314218 314226 314229 314229 314229 314200 314200 314205 314205 314205 314205 314231 314231 314231 314205 315009 315009 315031 315009 315009 315070 315070 315013 315026 315026 315029 315035 315028 315028 315028
314200 314200 314200 314249 314269 314278 314269 314269 314269 314268 314269 314262 314262 314257 314257 314257 314211 314269 314248 314233 314200 314230 314227 314227 314234 314200 314227 314227 314227 314263 314221 314263 314222 314222 314222 314232 314226 314229 314229 314226 314226 314226 314226 314219 314229 314229 314200 314200 314205 314205 314231 314231 314205 314231 314231 314231 315032 315009 315009 315009 315009 315070 315070 315070 315020 315021 315035 315035 315028 315028 315028
314268 314268 314272 314269 314278 314269 314269 314269 314269 314268 314276 314272 314272 314221 314269 314269 314269 314269 314264 314219 314219 314230 314245 314227 314227 314234 314234 314227 314227 314219 314239 314266 314266 314222 314254 314232 314232 314226 314234 314214 314232 314226 314219 314219 314229 314205 314200 314200 314205 314231 314231 314231 314231 314231 314231 314231 315032 315032 315009 315009 315009 315070 315070 315070 315035 315021 315035 315035 315028 315028 315028
314268 314272 314200 314269 314269 314269 314268 314268 314268 314268 314218 314269 314221 314218 314262 314269 314269 314200 314267 314219 314222 314248 314245 314248 314227 314218 314217 314234 314229 314229 314254 314254 314222 314271 314271 314232 314226 314234 314226 314226 314226 314232 314226 314229 314229 314229 314200 314200 314231 314231 314231 314231 314231 314231 314231 314231 315032 315032 315009 315009 315009 315070 315070 315062 315035 315035 315035 315035 315028 315028 315028
314260 314260 314269 314269 314268 314268 314268 314268 314271 314218 314218 314218 314221 314262 314262 314269 314278 314267 314271 314271 314271 314271 314227 314227 314227 314217 314234 314234 314254 314233 314233 314263 314263 314263 314263 314271 314226 314263 314226 314226 314214 314214 314232 314232 314229 314229 314294 314294 314231 314231 314231 314231 314231 314231 314231 314231 315032 315009 315031 315009 315030 315070 315070 315070 315070 315035 315035 315035 315028 315038 315038
314268 314268 314268 314261 314261 314268 314279 314200 314271 314271 314218 314218 314218 314200 314219 314269 314200 314267 314267 314271 314271 314271 314227 314227 314200 314200 314234 314235 314254 314233 314233 314222 314220 314222 314263 314263 314263 314263 314234 314214 314255 314200 314252 314230 314229 314229 314294 314294 314229 314231 314231 314231 314231 314231 314231 314231 315032 315009 315009 315009 315030 315071 315070 315070 315062 315035 315022 315021 315028 315038 315028
