data/soil/buek200_1000_31469_gk5.asc
ncols         643
nrows         875
xllcorner     4860189.0000000000
yllcorner     5248225.0000000000
cellsize      1000.0000000000
nodata_value  -9999.0000000000
[rows 672 to 703 of 875, columns 142 to 212 of 643]
711018 711018 711004 711009 711004 711004 711004 711004 711013 711013 711016 711016 711016 711016 711097 711097 711097 711016 711016 711011 711011 711052 711051 711038 711038 711044 711044 711044 711044 711052 711039 711039 711061 711061 711061 711839 711839 711811 711815 711815 711819 711819 711811 711823 711823 711832 711845 711844 711844 711845 711845 711845 711845 711845 711845 711845 711845 711845 711845 711845 711821 711819 711821 711821 711821 711815 711812 711812 711812 711833 711802
711018 711009 711004 711004 711009 711004 711006 711004 711004 711013 711016 711016 711016 711016 711097 711097 711016 711052 711052 711052 711052 711038 711038 711038 711052 711038 711044 711061 711044 711061 711061 711039 711061 711061 711061 711814 711814 711839 711839 711815 711815 711811 711823 711823 711847 711844 711844 711844 711844 711844 711844 711845 711845 711845 711845 711845 711845 711845 711845 711845 711845 711845 711845 711847 711821 711811 711811 711825 711812 711812 711802
711004 711004 711004 711004 -9999 -9999 711004 711004 711016 711016 711016 711029 711021 711016 711016 711011 711029 711021 711021 711052 711038 711038 711038 711038 711059 711044 711060 711060 711044 711061 711061 711044 711061 711044 711061 711839 711814 711839 711814 711815 711823 711823 711845 711814 711814 711814 711844 711844 711844 711844 711844 711844 711845 711845 711832 711845 711845 711825 711825 711845 711845 711845 711845 711847 711815 711819 711825 711825 711812 711812 711812
-9999 -9999 711004 711006 711004 711004 711004 711004 711016 711016 711016 711029 711011 711016 711029 711016 711011 711021 711021 711038 711047 711038 711044 711044 711060 711052 711060 711044 711061 711044 711044 711044 711061 711044 711839 711839 711835 711839 711814 711839 711815 711823 711823 711823 711823 711845 711847 711847 711844 711844 711844 711845 711844 711845 711845 711845 711845 711845 711825 711832 711845 711845 711845 711847 711847 711812 711812 711812 711812 711812 711812
711006 711006 711006 711004 711004 711004 711013 711016 711016 -9999 711016 711029 711016 711016 711011 711016 711029 711029 711049 711044 711044 711044 711044 711047 711044 711044 711060 711060 711044 711044 711044 711061 711061 711061 711839 711835 711831 711814 711814 711814 711830 711815 711823 711823 711823 711844 711844 711844 711844 711844 711844 711844 711845 711832 711845 711845 711845 711845 711845 711823 711823 711845 711845 711815 711815 711823 711823 711823 711823 711833 -9999
711006 711004 711004 711004 711004 711013 711016 711016 711015 711016 711016 711016 711029 711011 711011 711016 711029 711049 711078 711072 711044 711044 711047 711044 711044 711047 711044 711044 711044 711060 711060 711044 711061 711061 711839 711839 711831 711831 711814 711814 711814 711845 711815 711823 711847 711845 711814 711815 711844 711844 711845 711844 711844 711832 711832 711832 711832 711821 711823 711823 711832 711832 711823 711823 711815 711815 711812 711833 711823 711802 711802
711004 711004 711004 711004 711013 711016 711016 711016 711015 711016 711016 711016 711011 711049 711049 711049 711038 711078 711081 711081 711044 711044 711044 711047 711047 711047 711076 711060 711044 711060 711052 711060 711061 711059 711835 711839 711835 711831 711831 711823 711823 711823 711823 711823 711823 711847 711847 711823 711823 711815 711844 711815 711823 711845 711845 711844 711832 711832 711815 711823 711823 711832 711815 711823 711815 711815 711812 711812 711812 711802 711812
711004 711004 711004 711004 711004 711016 711016 711015 711015 711016 711016 711011 711029 711029 711049 711049 711081 711081 711081 711081 711044 711044 711044 711047 711076 711060 711047 711044 711060 711060 711060 711059 711059 711059 711835 711835 711839 711814 711814 711832 711823 711823 711823 711823 711823 711823 711823 711823 711815 711832 711832 711844 711823 711823 711823 711821 711823 711815 711832 711823 711823 711815 711823 711812 711812 711812 711831 711833 711833 711812 711830
711004 711004 711013 711004 711029 711016 711016 711015 711016 711016 711016 711029 -9999 711049 711049 711049 711085 711072 711081 711044 711044 711044 711047 711076 711076 711047 711047 711044 711060 711059 711060 711059 711059 711061 711835 711839 711839 711814 711814 711815 711812 711823 711823 711811 711811 711812 711823 711811 711823 711823 711823 711832 711815 711823 711823 711815 711823 711815 711815 711823 711823 711815 711832 711812 711830 711831 711833 711831 711811 711802 711813
711004 711013 711013 -9999 711016 711016 711016 711016 711016 711016 711016 711029 711013 711038 711072 711078 711078 711078 711078 711044 711044 711044 711076 711047 711047 711047 711047 711060 711060 711060 711059 711059 711059 711059 711839 711835 711840 711830 711823 711823 711812 711812 711812 711812 711823 711812 711832 711812 711812 711812 711815 711812 711812 711823 711823 711815 711823 711823 711832 711832 711831 711831 711815 711813 711813 711812 711830 711812 711802 711833 711830
711004 711013 711013 711016 711016 711016 711016 -9999 -9999 711016 711029 711029 711038 711038 711078 711078 711081 711078 711078 711078 711044 711044 711081 711060 711078 711078 711052 711060 711060 711060 711059 711059 711059 711061 711839 711840 711840 711840 711840 711814 711839 711839 711833 711834 711802 711840 711809 711812 711812 711833 711833 711802 711812 711812 711812 711823 711812 711812 711812 711812 711812 711823 711823 711813 711813 711813 711813 711813 711813 711813 711813
711004 711011 711029 711016 711016 711016 711016 711016 711016 711029 711013 711013 711038 711078 711078 711081 711081 711078 711081 711078 711081 711081 711081 711078 711047 711047 711076 711060 711060 711060 711059 711059 711061 711059 711835 711835 711840 711840 711840 711840 711834 711839 711839 711802 711835 711835 711840 711802 711835 711833 711809 711809 711802 711833 711802 711812 711812 711812 711812 711812 711812 711831 711802 711831 711802 711813 711813 711802 711813 711813 711813
711011 711011 711029 711029 -9999 711016 711016 711016 711016 711013 711013 711038 711072 711078 711081 711081 711081 711072 711078 711081 711081 711081 711081 711047 711047 711047 711052 711060 711060 711060 711059 711061 711061 711061 711835 711835 711835 711840 711834 711834 711834 711802 711802 711835 711835 711835 711835 711833 711835 711835 711830 711802 711839 711839 711809 711812 711833 711812 711831 711831 711831 711812 711842 711802 711831 711813 711813 711813 711813 711813 711813
711011 711011 711029 711016 711016 711016 711016 711016 711013 711044 711044 711081 711078 711081 711081 711078 711078 711072 711081 711081 711081 711081 711078 711081 711081 711052 711060 711052 711076 711060 711061 711061 711061 711059 711835 711835 711835 711839 711833 711802 711860 711860 711840 711835 711839 711835 711839 711835 711812 711812 711812 711842 711812 711812 711833 711809 711802 711802 711831 711802 711830 711830 711812 711812 711831 711813 711813 711813 711813 711823 711813
711003 711011 711016 711029 711029 -9999 -9999 -9999 711049 711044 711044 711078 711078 711078 711078 711085 711078 711072 711078 711081 711081 711081 711078 711078 711047 711060 711078 711078 711060 711060 711060 711061 711060 711061 711839 711839 711839 711809 711802 711860 711840 711840 711828 711859 711822 711835 711812 711812 711812 711835 711840 711833 711830 711830 711830 711833 711842 711831 711831 711830 711831 711831 711812 711831 711830 711813 711813 711813 711815 711815 711815
711016 711003 711016 711016 711011 711049 711049 711044 711044 711044 711081 711078 711078 711078 711072 711078 711081 711072 711078 711078 711081 711081 711078 711078 711078 711060 711060 711060 711060 711078 711060 711060 711061 711863 711860 711860 711859 711859 711859 711860 711860 711840 711859 711828 711828 711835 711835 711812 711812 711835 711834 711835 711830 711814 711814 711831 711842 711831 711830 711831 711831 711812 711812 711831 711813 711830 711823 711823 711823 711832 711830
711003 711003 711029 711029 711029 711047 711047 711044 711044 711072 711072 711078 711078 711078 711078 711081 711078 711072 711078 711081 711078 711078 711078 711060 711078 711060 711078 711078 711060 711078 711060 711060 711078 711859 711803 711860 711859 711859 711860 711860 711860 711859 711859 711840 711822 711835 711835 711835 711835 711834 711833 711833 711835 711835 711814 711833 711833 711831 711812 711812 711831 711831 711831 711833 711813 711813 711815 711815 711815 711815 711830
711003 711003 711003 711029 711029 711047 711044 711081 711072 711072 711072 711078 711078 711072 711072 711078 711072 711072 711078 711081 711081 711078 711078 711078 711078 711078 711078 711078 711078 711078 711078 711078 711078 711859 711856 711859 711863 711856 711862 711862 711828 711828 711859 711822 711834 711834 711835 711835 711835 711835 711842 711835 711830 711830 711830 711833 711812 711812 711812 711812 711831 711831 711842 711813 711813 711813 711813 711830 711813 711813 711813
711011 711029 711003 711003 711003 711044 711044 711072 711072 711072 711066 711072 711072 711078 711072 711078 711072 711078 711072 711081 711081 711078 711078 711078 711078 711078 711078 711078 711078 711072 711072 711072 711078 711856 711859 711859 711859 711856 711856 711862 711862 711862 711859 711822 711840 711822 711833 711835 711833 711842 711835 711835 711835 711839 711833 711833 711812 711812 711812 711812 711812 711831 711812 711830 711813 711813 711813 711813 711813 711813 711813
711029 711011 711011 711044 711044 711003 711044 711081 711066 711066 711072 711072 711072 711072 711072 711078 711072 711078 711078 711078 711078 711078 711078 711078 711078 711078 711078 711072 711072 711072 711078 711078 711078 711859 711803 711859 711859 711859 711859 711859 711862 711828 711828 711828 711822 711822 711835 711833 711834 711835 711835 711835 711839 711839 711839 711833 711812 711812 711812 711831 711831 711811 711811 711833 711811 711813 711813 711813 711813 711813 711813
711029 711049 711044 711047 711047 711085 711085 711066 711066 711066 711066 711066 711072 711072 711072 711072 711085 711072 711072 711078 711078 711078 711078 711078 711078 711072 711076 711085 711072 711072 711072 711078 711078 711856 711859 711859 711859 711859 711863 711859 711859 711862 711862 711860 711828 711822 711822 711835 711835 711835 711835 711834 711834 711834 711834 711814 711814 711814 711831 711814 711831 711839 711830 711812 711830 711813 711813 711813 711813 711813 711813
711044 711047 711047 711047 711047 711066 711085 711081 711081 711066 711066 711066 711072 711084 711072 711072 711085 711072 711078 711072 711072 711078 711078 711076 711076 711076 711085 711078 711078 711072 711078 711078 711078 711859 711856 711803 711859 711859 711856 711856 711856 711859 711862 711859 711822 711822 711834 711839 711835 711835 711835 711835 711842 711842 711833 711839 711814 711814 711839 711839 711839 711830 711811 711812 711812 711830 711813 711813 711813 711813 711813
791022 791025 711047 711066 711066 711066 711085 711085 711081 711066 711081 711066 711084 711084 711084 711072 711085 711078 711083 711078 711072 711076 711076 711076 711076 711072 711085 711078 711078 711072 711072 711078 711078 711859 711859 711803 711803 711859 711859 711856 711859 711856 711862 711859 711822 711839 711834 711839 711834 711835 711835 711834 711834 711834 711839 711812 711812 711812 711811 711811 711811 711842 711812 711812 711812 711812 711812 711823 711813 711813 711813
791050 791050 791051 791047 791047 791047 791068 791058 791051 791051 791047 791047 791052 791053 711084 711072 711072 711083 711083 711083 711078 711076 711078 711076 711072 711072 711072 711084 711078 711078 711078 711078 711078 711859 711856 711859 711803 711859 711859 711859 711859 711859 711856 711822 711839 711834 711839 711834 711834 711835 711835 711834 711839 711839 711839 711812 711812 711812 711830 711811 711812 711811 711830 711812 711812 711812 711812 711812 711825 711813 711813
791051 791051 791051 791047 791047 791047 791047 791047 791058 791047 791051 791048 791052 791048 791048 791053 791053 791052 791048 791049 791049 791049 791049 791053 791048 711078 711085 711084 711084 711078 711078 711072 711072 711856 711856 711859 711856 711859 711859 711859 711859 711859 711859 711859 711822 711822 711822 711834 711834 711839 711839 711814 711816 711830 711830 711839 711839 711812 711812 711830 711811 711811 711819 711812 711819 711815 711825 711825 711874 711874 711874
791047 791051 791051 791047 791047 791047 791047 791047 791058 791051 791047 791051 791053 791052 791053 791053 791063 791053 791052 791049 791048 791048 791048 791048 791048 791053 791053 791049 791053 791053 791049 791049 791049 791865 791865 791865 791865 711803 711856 711859 711859 711859 711859 711863 711859 711822 711822 711834 711834 711839 711839 711816 711830 711830 711830 711830 711830 711812 711830 711830 711830 711812 711812 711812 711812 711825 711825 711825 711815 711815 711845
791063 791047 791047 791048 791048 791047 791047 791047 791058 791047 791067 791051 791051 791063 791063 791063 791063 791063 791053 791053 791053 791053 791048 791048 791049 791053 791053 791053 791049 791049 791049 791049 791049 791865 791865 791865 791863 791865 791865 791865 791865 791865 791865 791865 791865 791865 791831 791846 791855 711841 711814 711841 711841 711830 711812 711830 711811 711830 711823 711823 711812 711812 711819 711825 711812 711812 711812 711825 711825 711874 711845
791047 791047 791047 791047 791048 791047 791047 791063 791067 791063 791063 791063 791063 791053 791053 791048 791053 791053 791053 791063 791053 791049 791049 791049 791053 791053 791053 791053 791049 791049 791049 791049 791865 791865 791863 791865 791865 791863 791865 791865 791865 791839 791831 791831 791831 791865 791831 791846 791855 791855 791855 791828 791828 791855 791841 791841 791841 791834 791834 791866 791834 791828 711814 711812 711812 711845 711845 711845 711845 711845 711845
791047 791062 791047 791047 791047 791047 791063 791063 791063 791063 791063 791063 791048 791053 791053 791053 791053 791053 791053 791053 791049 791049 791053 791053 791053 791052 791058 791049 791053 791049 791049 791049 791865 791865 791865 791865 791863 791863 791865 791865 791865 791839 791831 791831 791831 791858 791831 791831 791827 791855 791855 791827 791828 791827 791834 791834 791834 791844 791834 791834 791866 791861 791861 791861 791861 791866 791866 791861 791861 791861 791868
791062 791062 791062 791047 791063 791063 791063 791063 791067 791063 791063 791048 791053 791053 791055 791055 791054 791054 791054 791053 791055 791053 791053 791053 791053 791053 791048 791048 791048 791049 791049 791049 791865 791865 791865 791863 791863 791865 791865 791865 791839 791839 791831 791831 791831 791831 791858 791846 791846 791846 791855 791828 791828 791834 791834 791866 791866 791834 791828 791834 791829 791866 791866 791866 791866 791861 791861 791861 791861 791861 791868
791062 791068 791066 791063 791063 791066 791066 791063 791067 791067 791063 791063 791063 791048 791055 791055 791054 791054 791053 791053 791052 791052 791053 791058 791052 791048 791048 791048 791049 791049 791049 791049 791865 791865 791865 791865 791865 791863 791865 791865 791839 791839 791846 791831 791846 791846 791865 791858 791846 791846 791834 791827 791844 791828 791834 791834 791834 791861 791861 791834 791834 791866 791866 791866 791866 791861 791861 791861 791868 791868 791804
791066 791063 791066 791063 791063 791066 791063 791063 791067 791058 791063 791063 791063 791048 791055 791055 791053 791054 791053 791055 791054 791054 791053 791053 791049 791058 791049 791049 791048 791049 791049 791049 791865 791865 791865 791865 791863 791863 791865 791865 791839 791831 791831 791831 791831 791846 791846 791858 791846 791855 791855 791855 791855 791834 791834 791834 791829 791861 791861 791866 791861 791866 791828 791866 791866 791866 791866 791866 791868 791868 791868
