data/soil/buek200_1000_25832_etrs89-utm32n.asc
ncols        641
nrows        866
xllcorner    280356.848233341298
yllcorner    5235360.556800000370
cellsize     1000.000000000000
NODATA_value -9999
[rows 320 to 351 of 866, columns 497 to 567 of 641]
394243 394243 394238 394249 394243 394211 394229 394249 394249 394250 394229 394250 394231 394239 394242 394229 394242 394229 394242 394242 394242 394242 394242 394242 394242 394238 394238 394238 394242 394242 394229 394229 394229 394229 394229 394229 394229 394229 394229 394229 394229 394229 394229 394229 394238 394251 394251 394230 394229 394229 394229 394200 394200 394200 394251 394249 394249 394249 394243 394243 394250 394254 394243 394243 394228 395048 395050 395050 395033 395037 395033
394243 394243 394243 394256 394256 394211 394226 394276 394276 394250 394243 394243 394243 394238 394243 394249 394238 394238 394242 394242 394242 394242 394238 394238 394238 394238 394252 394254 394254 394254 394229 394229 394229 394229 394229 394229 394229 394229 394229 394229 394229 394229 394229 394229 394251 394251 394229 394230 394229 394229 394250 394250 394229 394229 394238 394250 394249 394249 394243 394243 394250 394243 394241 394249 394250 395049 395038 395037 395033 395038 395033
394229 394229 394246 394231 394230 394211 394231 394276 394276 394243 394250 394250 394243 394243 394243 394238 394242 394242 394242 394249 394249 394249 394254 394252 394252 394252 394252 394252 394249 394254 394229 394229 394229 394229 394229 394229 394229 394229 394229 394229 394229 394229 394229 394251 394251 394229 394229 394229 394229 394229 394229 394229 394229 394229 394229 394250 394254 394254 394243 394250 394250 394250 394254 394243 394243 395033 395033 395037 395039 395033 395033
394224 394229 394231 394231 394242 394225 394281 394281 394224 394250 394250 394249 394243 394243 394238 394238 394238 394240 394249 394249 394254 394252 394252 394252 394254 394254 394254 394254 394249 394249 394254 394254 394229 394229 394229 394229 394229 394229 394224 394229 394229 394229 394229 394229 394246 394250 394250 394200 394229 394229 394227 394229 394229 394229 394229 394254 394254 394254 394249 394250 394246 394243 394243 394252 394252 395038 395035 395037 395000 395000 395038
394231 394224 394224 394242 394242 394225 394225 394224 394250 394238 394238 394243 394243 394254 394238 394249 394249 394251 394252 394252 394252 394252 394252 394252 394252 394252 394250 394241 394241 394241 394254 394254 394254 394230 394249 394249 394230 394229 394229 394229 394229 394243 394243 394242 394246 394229 394250 394229 394229 394229 394229 394234 394229 394229 394229 394241 394254 394249 394249 394246 394246 394254 394252 394249 394229 395031 395035 395037 395038 395038 395040
394229 394229 394229 394242 394230 394226 394226 394254 394238 394233 394233 394233 394233 394249 394233 394242 394250 394230 394250 394250 394250 394250 394250 394250 394250 394250 394227 394250 394262 394262 394262 394254 394254 394254 394254 394254 394254 394254 394243 394243 394243 394243 394243 394243 394243 394229 394229 394229 394229 394229 394229 394229 394243 394243 394228 394254 394249 394249 394246 394246 394246 394240 394252 394228 394229 395033 395031 395033 395039 395038 395038
394230 394230 394225 394230 394230 394254 394233 394233 394233 394236 394236 394240 394227 394224 394224 394227 394200 394230 394224 394227 394227 394227 394227 394224 394227 394224 394227 394257 394262 394262 394262 394262 394229 394243 394240 394254 394254 394254 394254 394254 394243 394243 394243 394243 394243 394254 394229 394229 394229 394229 394229 394238 394238 394238 394254 394254 394254 394249 394249 394249 394246 394246 394252 394252 394229 394207 395033 395033 395033 395038 395033
394261 394230 394206 394230 394254 394228 394259 394225 394262 394225 394225 394227 394225 394224 394224 394224 394224 394224 394230 394227 394227 394262 394262 394262 394227 394262 394262 394262 394262 394259 394262 394262 394262 394239 394239 394251 394240 394239 394239 394254 394246 394250 394243 394250 394249 394243 394243 394239 394243 394229 394229 394243 394238 394229 394246 394254 394249 394200 394249 394249 394246 394246 394249 394249 394229 394224 395033 395000 395033 395022 395033
394230 394206 394206 394232 394243 394259 394259 394262 394266 394266 394226 394225 394225 394258 394258 394258 394266 394260 394262 394262 394262 394262 394262 394262 394262 394257 394262 394262 394262 394262 394229 394262 394262 394229 394229 394243 394251 394243 394239 394239 394239 394239 394246 394249 394243 394243 394239 394239 394239 394238 394243 394243 394238 394238 394238 394254 394254 394251 394239 394249 394246 394246 394249 394250 394229 394229 395031 395041 475019 475015 475015
394230 394206 394232 394232 394243 394260 394262 394262 394262 394266 394258 394266 394266 394266 394266 394258 394258 394260 394266 394262 394262 394262 394262 394262 394262 394262 394262 394262 394262 394262 394259 394229 394262 394266 394266 394239 394239 394243 394254 394254 394254 394246 394249 394243 394243 394239 394239 394243 394243 394243 394238 394243 394243 474222 474224 474225 474228 474225 474225 474221 474221 474224 474225 474225 474216 474214 475012 475012 475017 475019 475015
394261 394232 394261 394251 394251 394251 394264 394262 394262 394257 394258 394258 394258 394266 394258 394261 394261 394258 394262 394262 394262 394262 394262 394262 394257 394262 394262 394259 394259 394262 394257 394262 394262 394262 394266 394229 394251 394251 474228 474228 474228 474222 474225 474222 474222 474222 474222 474225 474225 474222 474222 474222 474222 474222 474216 474222 474225 474225 474225 474222 474222 474222 474222 474222 474216 474216 475012 475017 475012 475019 475015
394257 394261 394261 394261 394261 394264 394264 394262 394261 394261 394261 394261 394261 394261 394261 394261 394262 394262 394262 394262 394262 394264 474243 474243 474242 474242 474242 474242 474237 474237 474237 474237 474237 474237 474243 474237 474221 474227 474222 474222 474228 474222 474222 474222 474222 474222 474224 474224 474222 474222 474221 474222 474216 474221 474222 474221 474225 474225 474225 474222 474221 474221 474225 474222 474222 474216 475019 475025 475026 475019 475015
394261 394261 394272 394251 394251 474227 474244 474244 474243 474243 474242 474243 474243 474243 474243 474243 474243 474242 474242 474242 474243 474229 474242 474242 474242 474242 474242 474242 474242 474237 474242 474242 474242 474242 474242 474242 474248 474227 474227 474226 474225 474222 474222 474222 474222 474226 474228 474222 474222 474222 474222 474216 474222 474216 474222 474226 474222 474225 474225 474221 474221 474221 474222 474222 474222 474222 475019 475000 475012 475019 475026
474242 474242 474290 474290 474227 474245 474245 474244 474241 474243 474243 474243 474243 474243 474243 474243 474242 474242 474242 474242 474243 474229 474229 474242 474242 474242 474242 474242 474242 474242 474242 474242 474241 474242 474242 474242 474227 474248 474249 474227 474227 474225 474252 474225 474222 474222 474221 474222 474222 474225 474225 474222 474216 474222 474222 474222 474222 474222 474200 474209 474221 474221 474222 474222 474222 474222 475028 475012 475023 475019 475019
474242 474242 474242 474242 474244 474245 474245 474245 474242 474241 474269 474269 474241 474241 474243 474242 474242 474245 474245 474242 474242 474229 474229 474242 474242 474242 474242 474242 474242 474242 474242 474242 474242 474242 474242 474242 474227 474224 474200 474249 474224 474247 474252 474252 474225 474225 474225 474225 474225 474222 474222 474221 474222 474222 474216 474222 474225 474222 474225 474209 474222 474221 474221 474222 474222 474222 475027 475019 475019 475019 475019
474245 474242 474242 474257 474245 474245 474245 474242 474242 474269 474269 474269 474269 474269 474242 474242 474270 474245 474242 474242 474242 474242 474229 474229 474242 474242 474242 474242 474242 474242 474242 474242 474242 474241 474242 474225 474244 474227 474224 474224 474252 474242 474225 474225 474206 474225 474222 474222 474225 474228 474225 474222 474221 474221 474216 474216 474216 474221 474225 474225 474222 474225 474222 474206 474206 474223 475029 475028 475019 475019 475019
474214 474257 474257 474242 474242 474242 474242 474242 474241 474269 474269 474241 474268 474242 474242 474245 474268 474268 474268 474268 474268 474268 474242 474229 474242 474242 474242 474242 474242 474242 474242 474242 474242 474241 474242 474242 474245 474245 474217 474224 474242 474242 474252 474215 474215 474206 474218 474228 474218 474243 474243 474225 474228 474222 474222 474225 474225 474225 474290 474209 474225 474210 474206 474206 474213 474206 475027 475028 475028 475028 475030
474270 474268 474268 474268 474268 474270 474270 474242 474241 474269 474269 474241 474241 474268 474268 474245 474245 474245 474245 474268 474268 474268 474242 474268 474268 474242 474242 474242 474242 474242 474242 474242 474242 474241 474242 474245 474227 474245 474217 474226 474252 474242 474247 474215 474251 474206 474218 474243 474243 474243 474243 474215 474215 474228 474222 474222 474229 474229 474229 474209 474209 474225 474206 474206 474213 474213 475007 475007 475028 475007 475010
474268 474270 474268 474270 474268 474268 474268 474270 474270 474270 474269 474241 474269 474268 474268 474268 474268 474268 474245 474268 474268 474268 474268 474268 474268 474242 474242 474242 474237 474242 474242 474242 474242 474242 474242 474242 474242 474217 474217 474218 474226 474245 474245 474243 474243 474215 474243 474243 474243 474243 474243 474243 474243 474228 474228 474222 474222 474222 474229 474222 474213 474213 474206 474206 474206 474206 475010 475010 475010 475010 475010
474268 474268 474268 474270 474268 474268 474268 474270 474270 474270 474270 474270 474270 474268 474268 474245 474245 474268 474268 474268 474268 474268 474248 474242 474242 474242 474242 474242 474242 474242 474242 474242 474242 474241 474242 474242 474242 474242 474218 474226 474245 474245 474243 474245 474243 474215 474228 474243 474243 474243 474243 474243 474243 474215 474228 474228 474222 474243 474222 474209 474213 474213 474213 474213 474213 474213 475010 475010 475010 475010 475007
474268 474214 474268 474270 474268 474268 474268 474270 474268 474268 474268 474268 474270 474270 474268 474268 474245 474270 474268 474270 474270 474268 474268 474242 474242 474242 474242 474242 474242 474242 474242 474242 474267 474262 474242 474242 474242 474217 474242 474242 474242 474245 474243 474263 474234 474242 474242 474243 474243 474242 474242 474242 474242 474242 474221 474228 474228 474243 474243 474243 474206 474209 474213 474213 474209 474213 475010 475010 475010 475010 475008
474241 474245 474245 474245 474268 474270 474268 474268 474268 474268 474268 474270 474270 474270 474268 474268 474270 474270 474270 474268 474268 474242 474242 474242 474242 474242 474242 474242 474242 474267 474267 474267 474262 474262 474263 474267 474242 474217 474223 474242 474242 474218 474263 474218 474243 474218 474225 474242 474242 474242 474242 474242 474251 474245 474242 474215 474227 474222 474234 474242 474209 474206 474209 474213 474209 474212 474212 475006 475006 475008 475008
474241 474245 474241 474241 474268 474268 474268 474214 474214 474268 474270 474270 474270 474270 474270 474268 474270 474245 474268 474268 474268 474242 474242 474242 474242 474242 474242 474242 474242 474258 474269 474214 474242 474242 474242 474242 474242 474263 474242 474214 474218 474263 474218 474218 474243 474243 474225 474242 474242 474242 474242 474242 474242 474242 474242 474234 474242 474242 474242 474242 474242 474213 474213 474209 474209 474212 474209 475006 475006 475010 475008
474241 474245 474241 474241 474268 474268 474241 474248 474242 474242 474242 474242 474270 474270 474270 474270 474270 474270 474266 474268 474268 474270 474270 474242 474269 474263 474258 474258 474262 474262 474269 474214 474214 474269 474269 474242 474245 474242 474267 474267 474243 474243 474243 474243 474243 474243 474225 474242 474242 474242 474242 474245 474242 474242 474230 474242 474234 474242 474242 474229 474242 474222 474222 474290 474290 474223 474223 475010 475010 475010 475006
474242 474242 474241 474242 474241 474248 474242 474242 474242 474242 474242 474242 474242 474242 474242 474242 474242 474270 474266 474270 474270 474268 474268 474268 474269 474269 474218 474262 474263 474262 474214 474214 474214 474214 474242 474269 474269 474245 474267 474267 474267 474243 474218 474222 474222 474242 474225 474223 474245 474245 474242 474242 474230 474230 474230 474242 474217 474217 474234 474229 474229 474229 474229 474290 474223 474223 474209 475010 475010 475010 475010
474242 474241 474242 474242 474242 474242 474242 474242 474242 474242 474242 474242 474242 474242 474242 474244 474263 474244 474242 474242 474270 474270 474270 474268 474269 474269 474269 474249 474234 474242 474269 474269 474214 474242 474242 474269 474269 474245 474242 474267 474269 474267 474249 474228 474234 474234 474234 474242 474255 474234 474242 474242 474244 474218 474218 474234 474234 474296 474217 474217 474229 474217 474217 474293 474217 474217 474213 475010 475010 475010 475010
474242 474242 474242 474242 474242 474242 474242 474242 474242 474242 474242 474242 474244 474242 474244 474242 474244 474242 474242 474267 474267 474242 474242 474242 474269 474269 474269 474249 474234 474269 474269 474268 474242 474269 474269 474269 474269 474269 474245 474242 474218 474218 474218 474218 474242 474241 474241 474291 474234 474234 474234 474245 474245 474258 474219 474234 474293 474295 474296 474200 474234 474230 474217 474293 474293 474234 474234 475010 475010 475010 475010
474242 474242 474242 474242 474242 474245 474245 474242 474242 474242 474242 474242 474242 474267 474242 474242 474242 474242 474244 474242 474267 474244 474242 474242 474242 474251 474262 474244 474246 474246 474245 474268 474242 474242 474269 474242 474269 474269 474245 474245 474269 474234 474235 474234 474234 474234 474228 474228 474234 474234 474242 474245 474245 474225 474200 474293 474293 474294 474296 474293 474230 474230 474293 474257 474217 474234 474242 475048 475010 475010 475008
474201 474201 474264 474201 474264 474264 474242 474201 474201 474248 474242 474242 474262 474267 474244 474242 474242 474257 474244 474266 474267 474267 474242 474242 474242 474262 474242 474262 474242 474245 474245 474245 474242 474242 474242 474242 474268 474268 474245 474245 474247 474234 474247 474247 474242 474242 474244 474234 474228 474225 474234 474245 474214 474214 474225 474295 474294 474294 474296 474293 474255 474293 474295 474293 474295 474296 474296 475048 475048 475049 475010
474262 474201 474201 474201 474201 474266 474201 474259 474201 474248 474262 474262 474263 474263 474244 474263 474244 474244 474266 474262 474266 474266 474262 474266 474242 474262 474242 474247 474246 474246 474244 474245 474242 474242 474242 474242 474268 474268 474268 474245 474245 474218 474269 474268 474218 474242 474225 474234 474225 474228 474214 474234 474219 474214 474242 474295 474295 474296 474296 474255 474245 474294 474295 474295 474295 474293 474294 475093 475049 475048 475042
474266 474266 474201 474266 474264 474201 474201 474266 474262 474262 474262 474262 474262 474264 474266 474266 474263 474266 474262 474266 474266 474266 474262 474262 474242 474242 474242 474245 474247 474249 474246 474245 474242 474242 474242 474242 474242 474268 474268 474270 474270 474270 474269 474242 474218 474218 474218 474234 474234 474228 474214 474214 474214 474293 474214 474229 474295 474295 474296 474255 474294 474294 474295 474294 474295 474293 474293 475092 475092 475047 475056
474201 474262 474201 474266 474201 474201 474262 474262 474207 474207 474207 474264 474262 474245 474262 474266 474266 474262 474262 474266 474266 474234 474249 474263 474263 474245 474245 474242 474244 474244 474245 474245 474242 474242 474242 474242 474242 474242 474242 474270 474270 474218 474269 474269 474269 474242 474242 474218 474234 474234 474225 474214 474214 474293 474293 474229 474229 474296 474296 474293 474293 474294 474296 474293 474293 474234 474234 475042 475044 475050 475056
