data/soil/buek200_1000_25832_etrs89-utm32n.asc
ncols        641
nrows        866
xllcorner    280356.848233341298
yllcorner    5235360.556800000370
cellsize     1000.000000000000
NODATA_value -9999
[rows 480 to 511 of 866, columns 213 to 283 of 641]
551859 551853 551853 551810 551802 551810 551853 551853 551810 551810 551810 551853 551810 551810 551853 551853 551853 551810 551853 551810 551810 551853 551810 551853 551810 551853 551810 551810 551835 551853 551810 551842 551836 551841 551841 551836 551836 551838 551836 551836 551835 551835 551835 551835 551835 551835 551835 551824 551841 551835 551835 551835 551835 551842 551836 551802 551836 551811 551811 551811 551844 551848 551848 551848 551853 551859 551850 551850 551853 551850 551836
551853 551853 551853 551853 551853 551810 551825 551825 551853 551810 551810 551810 551810 551810 551810 551810 551853 551853 551859 551810 551853 551810 551859 551853 551810 551853 551861 551856 551853 551853 551835 551836 551836 551836 551836 551836 551836 551838 551836 551836 551835 551835 551835 551835 551836 551835 551836 551824 551835 551841 551810 551835 551835 551835 551835 551838 551835 551835 551836 551811 551844 551848 551848 551846 551859 551853 551848 551850 551850 551848 551848
551810 551810 551861 551853 551853 551853 551853 551861 551835 551853 551853 551810 551859 551810 551810 551853 551853 551810 551859 551853 551810 551810 551853 551811 551810 551853 551853 551853 551853 551853 551835 551853 551836 551836 551835 551836 551842 551836 551836 551835 551835 551835 551835 551835 551836 551835 551838 551824 551835 551835 551835 551835 551835 551835 551838 551838 551838 551836 551811 551811 551811 551844 551848 551853 551846 551853 551853 551853 551846 551851 551851
551859 551810 551853 551853 551861 551859 551810 551810 551810 551853 551810 551810 551810 551859 551853 551853 551853 551811 551811 551810 551810 551810 551853 551811 551810 551853 551853 551853 551853 551856 551857 551857 551835 551835 551835 551836 551836 551835 551835 551835 551835 551835 551835 551835 551836 551838 551836 551824 551835 551841 551835 551842 551835 551835 551841 551835 551841 551802 551835 551811 551846 551844 551848 551848 551846 551835 551846 551846 551846 551850 551848
551859 551810 551853 551810 551861 551853 551810 551810 551853 551861 551853 551810 551810 551861 551861 551853 551810 551810 551810 551859 551810 551810 551861 551811 551811 551853 551810 551810 551853 551857 551853 551853 551853 551853 551835 551835 551835 551835 551835 551835 551835 551844 551835 551835 551835 551838 551835 551835 551835 551835 551835 551810 551810 551806 551841 551810 551841 551835 551835 551811 551844 551810 551848 551852 551848 551846 551846 551853 551856 551850 551850
551810 551810 551810 551853 551810 551859 551810 551810 551810 551853 551810 551853 551810 551853 551853 551853 551853 551811 551811 551859 551859 551861 551861 551861 551859 551859 551859 551853 551859 551861 551853 551853 551853 551848 551835 551836 551838 551842 551842 551835 551835 551853 551853 551836 551836 551835 551835 551835 551802 551835 551835 551810 551835 551835 551841 551810 551836 551836 551802 551802 551844 551810 551810 551846 551846 551846 551846 551853 551856 551846 551850
551853 551810 551853 551859 551810 551810 551810 551853 551810 551853 551853 551853 551810 551853 551857 551853 551853 551853 551811 551859 551857 551857 551857 551861 551859 551853 551859 551853 551859 551861 551859 551859 551859 551844 551835 551836 551836 551835 551835 551842 551835 551835 551835 551810 551836 551836 551836 551842 551802 551835 551835 551835 551835 551835 551841 551841 551835 551835 551838 551802 551848 551848 551852 551848 551848 551853 551853 551846 551853 551853 551848
551859 551859 551853 551853 551810 551853 551853 551810 551853 551861 551853 551810 551861 551853 551853 551853 551853 551853 551857 551859 551857 551857 551857 551861 551859 551853 551861 551853 551853 551853 551853 551859 551853 551844 551835 551835 551835 551835 551835 551835 551835 551835 551835 551810 551835 551810 551842 551835 551835 551835 551842 551835 551835 551835 551835 551835 551835 551835 551838 551824 551802 551844 551848 551847 551848 551853 551856 551853 551853 551846 551848
551853 551853 551853 551810 551859 551810 551810 551853 551861 551853 551810 551853 551861 551853 551853 551853 551853 551853 551853 551853 551853 551857 551857 551806 551859 551853 551853 551859 551859 551853 551853 551859 551853 551857 551844 551835 551835 551835 551835 551835 551835 551835 551835 551835 551810 551842 551842 551835 551835 551802 551835 551835 551842 551835 551835 551835 551835 551835 551835 551848 551844 551848 551848 551844 551848 551853 551856 551853 551853 551853 551848
551853 551853 551861 551853 551810 551810 551810 551810 551810 551853 551810 551853 551853 551857 551853 551853 551853 551853 551853 551857 551853 551857 551859 551853 551853 551857 551853 551859 551859 551853 551853 551859 551853 551857 551857 551853 551835 551835 551835 551834 551835 551835 551835 551836 551842 551835 551835 551810 551810 551802 551835 551835 551835 551838 551838 551841 551844 551844 551844 551844 551831 551831 551844 551847 551848 551856 551848 551848 551848 551848 551848
551810 551853 551810 551810 551810 551857 551810 551810 551810 551857 551857 551853 551857 551857 551853 551853 551853 551853 551853 551861 551859 551859 551859 551853 551853 551853 551853 551853 551859 551853 551859 551853 551853 551853 551857 551853 551853 551835 551834 551835 551836 551836 551836 551836 551835 551835 551835 551835 551802 551835 551835 551835 551835 551835 551835 551835 551846 551841 551844 551844 551841 551841 551842 551848 551844 551848 551848 551844 551848 551853 551848
551861 551861 551810 551853 551810 551857 551853 551853 551810 551810 551857 551857 551853 551857 551853 551853 551853 551861 551853 551853 551853 551859 551853 551861 551859 551853 551859 551853 551853 551859 551853 551861 551853 551853 551859 551859 551853 551844 551834 551836 551836 551835 551836 551835 551835 551835 551838 551802 551835 551835 551835 551841 551841 551841 551835 551841 551841 551835 551841 551835 551836 551841 551835 551838 551835 551844 551848 551844 551848 551848 551848
551859 551810 551810 551861 551810 551810 551810 551810 551810 551861 551861 551861 551853 551853 551857 551853 551853 551853 551853 551853 551853 551853 551859 551853 551853 551859 551853 551853 551853 551857 551861 551853 551859 551859 551861 551853 551853 551844 551842 551842 551842 551834 551842 551835 551835 551835 551835 551838 551802 551835 551835 551835 551841 551841 551841 551835 551835 551835 551802 551841 551836 551838 551835 551835 551838 551836 551842 551844 551847 551835 551848
551810 551810 551810 551857 551853 551810 551810 551810 551810 551810 551859 551853 551861 551853 551857 551853 551853 551857 551857 551861 551853 551861 551859 551853 551859 551853 551861 551853 551853 551857 551853 551859 551853 551853 551853 551859 551853 551844 551844 551844 551844 551834 551838 551835 551835 551835 551835 551835 551824 551802 551835 551835 551835 551841 551841 551836 551835 551835 551802 551835 551835 551835 551841 551841 551841 551842 551836 551841 551841 551842 551835
551810 551810 551810 551857 551853 551810 551810 551810 551810 551810 551810 551853 551853 551853 551853 551857 551853 551853 551853 551857 551861 551853 551853 551853 551859 551853 551853 551853 551853 551853 551853 551859 551853 551861 551853 551853 551853 551835 551835 551844 551810 551842 551835 551838 551835 551835 551835 551838 551835 551835 551835 551835 551835 551835 551835 551841 551838 551844 551802 551835 551835 551835 551841 551835 551841 551835 551835 551835 551841 551841 551841
551853 551853 551853 551853 551810 551853 551810 551853 551810 551810 551810 551810 551861 551853 551857 551857 551853 551853 551853 551853 551853 551853 551853 551853 551859 551853 551859 551853 551853 551853 551861 551853 551853 551853 551853 551853 551853 551835 551835 551835 551838 551842 551838 551844 551844 551835 551838 551835 551835 551835 551835 551824 551835 551835 551835 551841 551841 551838 551844 551835 551835 551835 551835 551842 551841 551853 551842 551835 551835 551835 551835
551810 551810 551861 551810 551853 551810 551810 551853 551810 551810 551853 551810 551857 551859 551853 551853 551859 551853 551853 551853 551853 551853 551860 551861 551853 551853 551861 551859 551853 551853 551853 551853 551859 551853 551853 551859 551853 551835 551835 551835 551835 551838 551835 551835 551810 551810 551835 551835 551838 551835 551841 551835 551836 551836 551835 551841 551835 551835 551835 551841 551835 551841 551842 551811 551811 551848 551857 551835 551835 551835 551835
551810 551810 551810 551810 551853 551853 551853 551853 551810 551810 551859 551859 551861 551853 551853 551853 551853 551859 551861 551853 551853 551860 551853 551853 551861 551853 551859 551859 551859 551861 551859 551853 551859 551853 551859 551853 551859 551841 551835 551841 551835 551835 551848 551848 551842 551810 551810 551835 551835 551841 551835 551835 551836 551841 551841 551835 551836 551835 551835 551802 551835 551842 551842 551811 551844 551848 551848 551841 551841 551835 551835
551853 551810 551810 551810 551810 551853 551857 551857 551853 551853 551810 551853 551853 551859 551853 551853 551853 551861 551861 551853 551853 551860 551860 551859 551853 551859 551859 551859 551853 551853 551861 551861 551861 551859 551861 551853 551859 551841 551853 551853 551835 551835 551853 551841 551836 551844 551810 551842 551835 551835 551835 551835 551836 551841 551836 551844 551841 551841 551810 551810 551824 551835 551841 551841 551842 551844 551844 551846 551841 551841 551841
551810 551810 551810 551810 551861 551853 551853 551853 551859 551861 551853 551853 551859 551853 551853 551859 551859 551853 551853 551860 551860 551853 551860 551853 551853 551857 551861 551853 551853 551859 551859 551861 551859 551859 551853 551853 551859 551853 551835 551853 551842 551835 551853 551835 551836 551810 551844 551844 551810 551835 551835 551810 551802 551836 551810 551836 551844 551856 551810 551810 551842 551846 551846 551836 551841 551844 551844 551844 551848 551841 551853
551861 551858 551810 551810 551810 551857 551857 551853 551853 551859 551853 551857 551853 551853 551853 551853 551859 551853 551861 551853 551853 551860 551860 551860 551857 551860 551853 551859 551859 551853 551859 551861 551859 551859 551859 551853 551853 551861 551835 551835 551853 551853 551853 551842 551835 551835 551841 551844 551810 551810 551848 551844 551810 551802 551848 551836 551836 551844 551845 551846 551810 551846 551835 551846 551836 551836 551844 551836 551853 551848 551841
551858 551858 551858 551858 551810 551810 551853 551853 551810 551853 551853 551861 551861 551853 551853 551857 551853 551853 551853 551857 551857 551855 551855 551860 551855 551855 551855 551853 551859 551853 551853 551853 551859 551853 551859 551853 551853 551861 551853 551835 551853 551835 551835 551835 551835 551841 551835 551810 551848 551853 551848 551844 551810 551810 551874 551874 551836 551836 551836 551845 551842 551810 551810 551836 551846 551842 551836 551841 551848 551835 551853
551853 551858 551853 551810 551861 551810 551810 551810 551810 551859 551859 551859 551853 551853 551857 551855 551855 551857 551855 551855 551860 551857 551855 551855 551855 551855 551855 551860 551860 551860 551853 551853 551859 551859 551859 551861 551861 551861 551853 551842 551835 551835 551835 551842 551835 551835 551835 551835 551842 551810 551810 551844 551810 551810 551874 551874 551836 551844 551845 551845 551841 551841 551841 551841 551836 551836 551836 551836 551853 551835 551853
551858 551861 551858 551810 551810 551810 551810 551861 551861 551861 551859 551859 551853 551853 551853 551853 551857 551860 551853 551853 551860 551855 551855 551862 551855 551860 551860 551853 551860 551860 551860 551860 551853 551853 551853 551853 551857 551853 551861 551853 551853 551835 551835 551835 551835 551835 551835 551842 551835 551835 551842 551844 551810 551824 551802 551810 551844 551848 551846 551845 551836 551841 551841 551836 551836 551848 551841 551841 551853 551853 551835
551853 551853 551853 551858 551857 551857 551857 551857 551853 551859 551853 551853 551853 551853 551853 551853 551857 551861 551853 551860 551861 551860 551860 551855 551855 551855 551855 551855 551860 551853 551861 551853 551859 551853 551861 551853 551853 551853 551853 551853 551853 551859 551835 551835 551835 551835 551835 551835 551835 551835 551835 551842 551810 551842 551802 551836 551836 551844 551846 551846 551835 551841 551836 551836 551848 551835 551835 551853 551841 551841 551835
551858 551858 551861 551861 551810 551810 551810 551857 551859 551853 551853 551859 551859 551853 551853 551853 551853 551861 551859 551853 551853 551857 551860 551855 551855 551860 551860 551860 551855 551853 551859 551853 551853 551861 551853 551853 551861 551861 551859 551859 551861 551835 551835 551835 551841 551841 551835 551835 551835 551835 551810 551842 551810 551810 551842 551836 551836 551836 551841 551836 551835 551841 551842 551844 551846 551835 551835 551835 551835 551835 551835
551858 551858 551861 551853 551810 551810 551810 551853 551857 551859 551853 551853 551859 551853 551857 551853 551853 551853 551859 551857 551861 551853 551855 551860 551855 551855 551860 551855 551855 551853 551859 551853 551853 551853 551859 551853 551861 551853 551859 551853 551861 551853 551835 551835 551835 551835 551835 551835 551835 551835 551835 551835 551835 551835 551841 551841 551841 551836 551841 551835 551836 551835 551836 551848 551848 551847 551835 551835 551835 551835 551841
551858 551856 551861 551853 551810 551810 551810 551810 551853 551853 551861 551853 551853 551859 551853 551853 551859 551853 551853 551861 551853 551860 551857 551860 551855 551855 551855 551857 551857 551859 551859 551861 551853 551859 551853 551853 551853 551853 551859 551861 551835 551835 551835 551835 551835 551835 551835 551835 551835 551835 551835 551835 551835 551835 551842 551842 551835 551835 551835 551836 551836 551836 551836 551848 551835 551835 551835 551853 551842 551835 551841
551856 551856 551853 551857 551853 551853 551810 551810 551810 551853 551853 551853 551853 551853 551853 551853 551853 551853 551861 551859 551853 551860 551860 551857 551855 551853 551855 551857 551853 551859 551859 551853 551859 551853 551859 551861 551859 551859 551859 551853 551841 551841 551841 551835 551835 551835 551835 551835 551835 551835 551835 551835 551835 551835 551825 551825 551842 551825 551825 551836 551836 551838 551836 551835 551835 551836 551836 551836 551836 551835 551853
551861 551853 551857 551857 551853 551853 551810 551853 551853 551853 551853 551853 551861 551800 551853 551853 551853 551853 551853 551853 551857 551861 551853 551853 551853 551857 551853 551857 551853 551853 551861 551853 551859 551859 551861 551859 551859 551859 551853 551853 551859 551835 551835 551835 551835 551835 551835 551835 551835 551835 551836 551835 551836 551824 551835 551835 551841 551842 551842 551842 551838 551838 551841 551841 551836 551836 551853 551836 551836 551836 551836
551856 551856 551853 551853 551853 551810 551853 551810 551810 551853 551853 551853 551861 551810 551853 551853 551859 551857 551853 551853 551860 551853 551861 551853 551857 551853 551857 551853 551860 551860 551859 551857 551859 551859 551853 551857 551859 551853 551853 551853 551859 551853 551835 551835 551835 551835 551835 551841 551835 551876 551836 551840 551840 551825 551836 551836 551842 551844 551835 551841 551842 551838 551836 551835 551835 551841 551835 551835 551836 551853 551836
551861 551861 551857 551853 551853 551810 551810 551810 551861 551853 551810 551810 551853 551810 551853 551853 551853 551861 551859 551853 551857 551857 551853 551853 551857 551860 551860 551857 551860 551860 551853 551853 551853 551859 551853 551859 551857 551857 551853 551853 551853 551842 551859 551838 551838 551835 551835 551835 551841 551835 551835 551835 551835 551835 551835 551836 551853 551842 551841 551841 551835 551838 551836 551836 551836 551836 551835 551836 551835 551842 551835
