data/geo/dem_1000_31469_gk5.asc
ncols        751
nrows        949
xllcorner    4803000
yllcorner    5218000
cellsize     1000
NODATA_value -9999
[rows 451 to 491 of 949, columns 552 to 643 of 751]
99 92 92 87 86 86 85 80 83 82 82 83 84 85 85 87 86 86 85 85 85 86 86 86 85 86 85 85 84 85 86 86 95 88 89 103 108 100 95 91 90 91 94 93 93 102 101 100 100 98 100 101 102 105 105 112 120 113 117 107 112 69 151 132 156 149 136 156 121 134 125 120 137 126 127 104 98 87 96 110 109 101 109 110 113 115 115 117 124 146 145 141
96 89 89 86 83 85 81 81 77 81 83 84 82 86 85 86 85 86 86 85 85 87 87 86 86 87 86 86 86 86 86 86 90 88 88 92 105 93 89 91 94 100 97 93 93 97 94 103 97 103 100 102 103 104 107 111 119 123 112 116 119 141 143 157 151 142 127 128 126 131 121 120 78 129 126 122 106 102 96 83 108 89 89 89 111 112 114 115 115 120 135 133
87 86 85 83 84 84 81 82 82 83 83 83 84 84 86 85 86 86 86 87 87 87 86 87 87 87 87 87 87 87 86 86 86 88 89 94 90 90 92 103 112 105 105 101 101 102 102 95 97 97 97 100 105 104 105 108 124 90 113 115 118 142 130 126 131 142 154 125 126 120 118 121 132 129 128 124 113 98 97 107 106 90 89 89 89 108 110 112 112 115 115 117
87 86 85 87 95 91 86 88 83 83 77 84 85 84 85 87 87 87 87 86 87 88 88 87 88 87 88 88 87 86 86 85 85 88 89 92 88 99 100 117 130 127 110 105 105 109 103 99 101 97 98 100 99 100 105 110 111 100 117 115 117 124 115 120 143 123 153 137 120 116 120 123 127 122 121 126 113 62 107 94 106 97 89 89 107 106 108 109 108 110 111 111
90 87 89 89 95 95 88 90 87 84 82 83 84 81 84 85 86 88 85 87 88 88 88 88 88 87 88 88 87 87 86 85 86 86 101 91 90 96 100 103 121 128 128 114 112 111 102 97 96 101 110 113 114 111 109 111 114 105 110 106 121 117 116 130 162 111 153 148 123 114 119 118 110 123 116 107 103 106 102 106 105 89 104 96 94 94 94 109 108 110 111 110
96 94 92 89 91 94 94 91 91 84 78 84 84 84 86 85 85 86 87 88 86 89 88 88 87 88 88 88 87 88 88 86 86 87 87 93 90 97 111 117 118 128 130 127 123 110 99 98 97 96 110 99 97 96 99 110 98 111 112 117 127 127 117 148 144 139 151 153 115 122 135 110 111 108 105 103 104 104 105 109 109 89 104 111 94 94 94 95 90 72 112 112
98 100 96 92 95 98 97 95 95 90 89 85 85 84 86 85 86 87 87 87 87 87 89 88 88 89 89 88 88 88 88 88 86 87 87 88 94 99 100 117 117 117 115 121 129 112 99 98 97 98 92 97 94 98 98 104 115 115 109 114 120 113 124 134 128 135 151 149 111 107 122 111 120 97 103 102 103 103 103 104 107 104 105 99 99 94 96 98 110 96 112 83
98 97 98 103 98 103 101 103 101 96 92 85 86 83 79 86 86 87 87 87 86 87 88 89 88 89 89 88 88 88 88 87 86 88 87 88 92 96 97 100 105 110 120 124 141 139 102 98 98 96 95 95 92 94 93 95 107 115 113 120 117 120 109 137 131 114 113 120 111 106 108 110 106 102 100 99 100 100 100 100 106 104 99 99 104 108 94 110 105 104 100 105
102 102 105 109 110 106 107 108 122 106 103 102 104 101 104 86 81 87 87 85 88 88 89 89 89 89 89 89 88 89 88 88 88 89 88 88 88 93 100 109 122 137 129 116 122 125 137 105 100 120 100 92 93 93 93 94 95 101 107 111 99 101 100 123 124 129 122 108 107 98 95 100 120 101 100 101 100 105 99 105 106 101 99 99 99 110 110 101 97 97 97 102
103 104 110 122 121 119 111 119 133 135 123 119 115 111 119 85 86 87 86 88 87 87 90 90 89 90 89 90 89 89 88 88 90 88 89 88 87 88 93 110 128 141 110 106 110 116 121 143 119 103 119 111 94 95 93 94 94 97 98 97 99 102 98 99 97 101 101 103 102 97 116 101 99 100 102 102 100 100 110 97 109 107 108 108 108 109 111 112 112 96 118 115
108 113 109 119 121 125 123 139 138 146 157 144 131 126 124 110 98 87 85 88 88 91 90 90 90 90 90 89 90 88 88 89 88 89 90 90 89 89 88 90 93 122 96 100 98 100 109 121 121 102 97 100 92 94 92 93 94 94 94 95 97 97 100 98 97 99 99 100 99 101 98 97 99 100 100 100 103 104 110 121 113 106 119 116 109 110 113 108 111 113 114 115
121 121 121 116 126 133 137 131 153 169 169 166 154 130 115 112 101 96 87 87 88 92 90 90 90 90 90 89 89 89 88 88 89 90 91 89 90 90 89 89 90 90 90 91 90 91 92 94 97 93 92 91 91 92 92 93 93 94 95 94 94 95 95 95 95 96 98 97 98 99 97 98 99 100 102 103 104 108 111 118 112 107 108 112 112 113 113 102 110 112 113 115
136 121 128 128 137 140 152 158 147 200 201 151 138 116 116 108 106 98 85 88 88 89 91 91 91 92 91 90 90 89 89 88 90 91 90 91 90 90 90 90 89 89 91 90 91 90 90 90 91 92 92 92 92 92 92 92 93 94 94 94 95 95 96 97 96 97 97 97 97 98 97 99 99 101 103 105 108 110 114 115 118 118 120 119 113 119 116 114 116 114 115 116
131 138 150 136 140 165 163 194 168 176 161 139 147 138 131 121 111 109 88 84 89 88 87 91 91 92 91 91 90 90 89 91 92 91 91 91 91 92 92 91 91 90 91 91 89 91 90 90 91 91 91 92 92 92 92 93 93 93 93 95 95 95 98 98 98 99 99 99 99 100 100 100 101 103 104 107 114 114 121 126 128 131 125 122 131 116 119 137 126 117 115 115
153 141 163 146 147 155 198 213 181 177 154 144 139 136 148 117 111 118 89 88 89 92 92 88 92 92 92 91 91 91 92 91 91 92 92 92 93 93 91 91 90 91 90 91 91 90 90 91 91 91 91 92 92 93 93 93 93 94 95 95 96 98 100 99 101 100 101 101 101 101 103 102 105 105 106 108 114 127 129 142 136 133 133 127 120 119 119 120 121 118 116 116
161 168 176 181 166 177 186 197 200 167 174 155 143 130 140 127 121 115 89 89 85 88 90 90 90 92 92 91 92 93 92 91 92 93 93 93 93 93 91 92 93 91 91 90 90 90 90 91 91 92 91 92 93 93 92 93 94 95 96 97 99 100 102 102 102 103 103 102 103 104 107 115 123 107 127 121 132 137 127 143 143 133 125 121 122 122 128 124 124 124 119 118
159 164 158 172 176 173 169 179 186 168 149 164 171 145 117 130 129 110 90 90 91 91 91 90 88 93 93 93 93 92 93 92 92 93 94 93 93 94 94 94 93 92 91 90 90 90 91 92 93 91 92 92 92 93 94 94 95 96 97 99 100 102 103 103 104 104 105 105 105 107 116 116 116 125 128 133 130 145 142 145 141 128 123 125 130 135 135 136 138 140 131 125
145 158 161 172 168 177 174 174 179 139 135 143 140 141 131 119 107 112 99 89 86 90 91 91 94 94 92 93 94 93 93 94 93 94 94 93 95 95 95 96 95 93 92 91 90 91 91 92 91 91 91 92 93 92 94 94 95 96 97 99 101 102 105 106 107 107 107 108 111 130 129 127 129 133 132 134 137 138 145 149 133 127 130 133 137 142 149 143 138 130 123 120
158 169 168 171 161 151 165 166 156 151 129 119 131 132 120 114 115 109 100 90 91 91 92 94 93 94 94 94 94 93 94 94 94 95 94 94 96 96 97 97 96 100 107 110 101 110 101 94 92 92 92 92 93 93 94 95 96 98 100 101 104 106 108 109 108 109 110 110 115 131 135 133 129 130 134 137 138 137 145 139 133 133 149 153 153 154 148 130 123 120 119 120
154 159 164 161 158 145 174 157 138 166 147 125 114 116 109 109 104 103 98 90 95 92 91 97 95 95 94 95 95 94 95 95 95 95 95 96 96 97 97 98 103 111 120 127 156 167 145 105 98 92 92 93 93 92 94 96 98 100 102 105 105 108 110 112 111 111 113 112 114 123 131 129 125 129 128 129 130 133 134 136 140 150 148 155 165 168 141 126 121 121 120 120
147 153 157 163 159 134 162 151 133 127 141 137 112 117 126 124 103 120 108 110 93 92 91 90 100 95 95 93 97 95 95 95 95 95 95 97 98 99 99 102 107 112 121 133 146 179 163 148 111 100 98 97 97 95 94 97 98 100 102 105 107 110 114 114 115 113 114 118 120 126 122 127 130 126 128 129 132 135 135 139 149 160 166 173 172 156 134 125 121 119 118 120
147 151 157 159 156 148 142 130 137 125 118 118 109 115 124 128 127 112 111 118 117 102 92 90 94 96 94 96 96 98 96 97 96 95 96 101 103 98 99 100 102 109 113 124 131 151 158 146 144 140 124 125 106 124 109 111 103 102 103 106 107 111 118 120 118 117 120 121 122 121 123 126 142 140 133 135 136 135 136 139 153 152 161 163 173 143 125 123 121 124 128 130
155 154 156 154 155 162 165 152 131 122 118 115 130 129 127 141 146 147 116 120 131 112 93 93 93 97 95 96 97 95 98 98 97 97 96 108 111 107 100 101 101 111 113 117 125 131 134 132 132 144 158 126 131 132 151 149 157 139 129 111 112 119 116 121 119 123 119 118 122 130 127 128 133 144 134 140 139 140 138 145 150 155 162 180 168 132 132 134 133 137 141 137
152 156 161 157 151 149 158 153 131 122 117 115 122 144 169 193 180 145 121 114 132 118 93 93 94 93 96 97 98 98 98 98 97 97 96 114 114 110 110 103 102 112 113 114 119 128 126 124 131 143 145 135 142 156 172 195 168 141 120 115 113 125 124 122 123 128 132 129 132 138 131 131 129 129 133 137 145 147 148 145 149 160 167 170 160 160 144 163 152 138 136 133
149 153 147 145 149 143 145 153 127 132 133 124 120 138 142 157 158 138 140 113 103 100 95 94 92 89 96 96 97 98 99 99 97 97 111 113 111 107 107 102 107 113 113 117 117 122 122 123 130 141 145 156 149 148 154 161 140 138 130 136 133 130 125 128 130 125 130 134 132 141 141 136 140 133 135 136 142 149 144 145 151 157 159 157 170 151 153 172 153 138 133 131
167 152 150 149 139 135 133 143 138 123 122 119 122 131 139 154 171 152 121 110 114 107 100 95 93 94 93 96 95 99 99 100 97 116 116 114 118 115 117 104 107 110 109 112 113 119 119 124 133 143 146 151 153 160 164 167 153 138 141 138 132 128 133 135 129 126 129 133 142 143 145 137 139 136 136 138 139 142 145 148 156 159 149 147 147 143 141 143 137 135 132 131
173 154 158 165 160 141 162 142 137 131 127 124 130 133 140 156 145 128 126 124 121 123 124 126 109 94 96 100 98 99 99 99 102 127 127 119 119 119 111 106 115 115 119 119 116 123 128 125 128 141 140 147 180 166 158 165 173 190 162 149 143 140 136 141 135 130 132 133 139 135 138 142 140 141 146 148 142 149 146 146 150 148 145 144 144 141 140 138 137 136 134 134
180 178 174 159 152 171 175 172 176 159 140 141 139 137 119 129 123 119 117 109 106 105 101 101 96 96 95 96 96 96 97 100 109 125 132 125 123 121 114 107 109 110 116 120 119 122 124 130 133 140 135 143 155 150 154 161 162 181 190 185 185 166 149 144 141 131 134 136 135 142 146 150 144 156 159 152 150 150 154 151 155 151 155 148 145 142 141 141 140 139 136 133
173 181 182 180 172 210 269 240 206 192 162 140 146 119 133 112 111 114 107 113 114 116 111 119 120 107 90 96 96 92 98 98 99 121 129 124 120 118 112 108 110 112 117 121 124 122 125 129 135 139 133 139 144 156 143 152 152 160 161 175 178 189 173 170 170 138 138 145 140 146 157 162 154 159 163 167 161 158 159 158 161 168 173 153 146 143 146 142 141 139 138 135
171 170 187 194 185 190 205 190 180 174 161 151 143 122 149 138 119 119 119 124 119 128 150 132 126 115 116 112 98 100 96 97 102 102 109 121 118 118 114 109 113 114 117 123 128 124 123 127 130 137 131 141 145 144 146 146 153 155 159 164 169 172 189 173 146 151 148 153 146 145 161 166 155 159 184 187 187 188 178 175 186 176 183 153 150 143 148 144 139 153 140 137
188 177 176 188 205 203 215 189 173 158 152 146 123 151 148 133 116 141 136 135 133 139 150 135 118 120 101 101 105 103 97 100 97 105 116 120 130 122 118 126 122 119 124 121 120 118 119 120 124 127 129 137 132 133 134 145 152 149 155 157 175 178 190 161 146 149 180 172 165 154 155 164 165 164 184 192 190 205 211 192 178 160 153 149 148 148 149 154 148 148 139 138
167 188 186 189 202 210 215 201 180 181 159 142 152 148 140 124 152 157 146 146 145 135 134 120 122 104 116 123 116 108 100 100 99 104 106 114 122 127 127 117 116 116 120 135 119 119 120 121 123 124 126 127 129 131 135 138 144 155 154 164 170 172 190 162 151 165 155 186 169 154 159 165 191 173 188 189 185 187 187 182 172 160 156 155 150 150 154 153 152 152 149 142
176 164 181 189 196 181 217 209 188 161 149 136 142 136 129 122 140 137 137 144 137 121 113 111 106 109 128 129 130 125 102 101 100 97 118 120 124 131 142 134 126 127 118 136 125 137 130 124 125 126 126 128 129 130 139 139 142 144 150 165 162 164 172 174 161 171 148 168 167 188 175 182 178 183 181 193 226 193 180 186 184 196 173 155 162 153 155 166 165 176 178 152
172 182 198 175 159 179 216 207 178 167 148 135 140 128 127 128 135 135 125 125 127 127 111 110 127 125 124 110 127 129 130 124 102 97 107 116 130 130 144 139 128 134 121 141 131 139 150 138 128 128 129 132 131 132 134 142 146 148 157 166 161 160 168 171 165 170 164 183 186 184 214 220 226 182 192 221 234 211 205 239 252 205 165 164 168 163 185 187 188 163 156 151
204 186 193 180 183 159 197 193 189 172 148 143 144 147 148 143 148 144 124 119 117 115 119 138 142 138 132 120 134 135 136 118 132 95 108 123 131 154 152 150 145 144 135 137 131 143 145 144 137 134 131 133 135 134 136 140 144 144 158 167 167 177 168 165 169 171 181 171 162 187 196 198 213 199 224 261 241 244 304 226 227 206 188 178 191 172 178 186 190 166 156 151
202 208 218 207 169 155 153 160 161 157 155 144 147 165 161 151 161 137 133 123 131 123 126 124 124 133 141 140 125 124 138 132 139 92 125 149 152 187 188 170 159 141 135 126 139 137 147 166 158 158 140 135 137 138 142 145 151 146 153 154 163 171 174 176 172 175 176 191 193 195 207 190 189 203 208 228 237 240 274 230 212 202 210 173 199 193 177 190 191 175 162 157
210 209 214 223 202 178 184 156 159 163 157 154 163 181 175 149 139 137 128 128 135 137 139 140 135 144 146 144 130 136 142 140 133 127 98 122 178 193 213 202 167 153 134 146 138 147 163 150 156 172 151 140 142 139 136 143 149 155 155 159 163 164 172 176 185 211 188 193 209 205 206 225 210 208 216 213 211 230 249 253 257 237 225 187 179 196 194 176 188 183 162 157
210 206 218 213 217 205 176 199 203 171 203 182 177 180 171 160 152 144 132 144 165 162 166 162 157 153 148 150 131 144 146 125 144 127 118 137 183 169 166 188 170 153 140 143 147 150 161 161 161 178 174 156 168 179 137 161 151 152 153 165 166 171 173 201 206 198 184 192 198 206 213 229 240 253 216 235 245 226 231 247 324 299 304 220 191 200 195 181 189 168 182 182
214 206 208 216 222 228 199 229 210 204 180 213 187 182 165 153 155 133 151 155 158 186 194 175 176 164 159 149 157 155 141 156 148 99 104 170 168 142 156 171 179 155 140 138 148 155 169 160 152 185 176 171 166 187 155 145 146 151 153 174 182 180 196 211 194 184 184 186 193 205 234 264 359 278 249 264 246 225 238 241 260 301 291 222 208 211 191 191 183 173 191 188
198 206 234 233 237 229 200 232 210 216 209 218 186 184 168 166 142 155 171 175 192 178 193 177 193 180 164 142 155 170 173 180 140 99 108 115 124 126 145 170 178 153 141 155 169 187 175 171 168 158 163 170 185 177 174 153 149 150 158 163 188 180 188 213 184 182 188 199 201 218 228 282 322 288 243 265 267 236 251 248 264 325 336 238 211 203 205 214 206 181 205 206
209 233 230 232 231 233 216 241 233 207 224 210 186 187 171 161 141 161 198 185 203 205 182 176 164 169 148 182 176 153 136 133 151 132 138 141 142 153 151 159 175 149 147 174 194 185 196 198 176 169 174 176 184 180 166 176 156 160 154 161 178 179 203 185 179 183 190 196 202 206 231 237 252 274 259 254 268 263 279 299 267 280 299 244 238 231 230 235 223 212 207 214
