data/geo/dem_1000_31469_gk5.asc
ncols        751
nrows        949
xllcorner    4803000
yllcorner    5218000
cellsize     1000
NODATA_value -9999
[rows 451 to 491 of 949, columns 184 to 275 of 751]
240 292 399 344 288 373 426 434 378 414 368 331 426 512 518 445 326 240 270 329 362 360 301 289 214 327 331 387 333 280 342 277 352 329 372 356 328 281 275 420 442 359 458 414 463 461 491 472 487 445 528 479 504 462 378 352 362 437 537 516 500 484 470 428 465 455 419 427 466 472 446 493 502 501 492 335 350 417 345 370 384 293 364 377 397 362 400 416 409 382 361 284
207 172 357 312 389 416 442 385 426 412 402 325 395 508 454 312 304 256 326 318 340 348 331 250 263 264 296 404 410 375 392 325 424 441 350 380 334 231 264 381 336 404 338 372 358 424 373 351 401 426 443 383 375 467 465 322 453 431 453 449 495 476 448 442 472 479 461 464 481 483 471 473 409 364 357 539 536 456 375 421 303 421 416 421 391 373 378 410 395 386 327 334
178 365 359 355 368 402 390 383 463 360 439 386 467 312 333 331 230 242 294 326 377 310 284 330 364 241 282 315 438 438 456 413 437 448 376 300 252 240 240 298 346 343 276 286 314 313 310 340 353 360 411 415 443 398 361 306 334 480 363 447 499 508 521 483 533 568 534 482 547 597 486 389 417 481 491 481 432 389 325 387 431 405 418 413 381 403 402 393 367 344 326 377
175 387 370 444 437 427 435 426 467 427 481 474 366 271 246 264 266 292 300 286 322 283 340 365 315 242 321 401 359 348 460 470 403 334 321 408 401 267 243 242 242 326 249 275 276 269 319 329 331 296 293 283 287 307 344 363 322 315 459 429 408 494 520 585 495 533 483 438 511 420 425 468 460 530 532 514 371 452 463 413 390 331 394 438 429 431 405 386 382 337 366 407
352 151 224 303 445 372 344 438 473 441 447 420 322 269 264 294 311 340 295 374 369 285 373 352 336 277 253 274 342 363 337 356 367 436 333 286 286 256 326 288 278 286 324 332 337 264 313 356 382 319 418 371 461 441 418 474 418 349 344 328 368 386 567 613 607 558 458 511 534 523 615 574 512 380 414 440 372 437 463 455 417 349 411 438 431 420 400 364 386 396 381 426
251 349 207 210 241 367 314 400 436 489 455 453 343 283 280 335 298 319 374 401 363 283 385 310 351 308 287 295 287 337 411 353 393 374 317 276 256 314 318 293 274 354 384 324 323 282 389 502 514 373 332 496 435 335 326 339 471 422 410 345 464 385 426 453 604 528 557 547 497 508 548 434 405 494 474 382 436 522 482 418 374 345 395 449 454 437 407 415 414 404 376 349
280 416 180 199 374 388 372 368 466 425 358 346 289 274 332 301 264 315 281 325 321 283 354 321 293 309 269 404 429 319 319 353 357 399 399 303 324 378 361 410 355 420 371 329 468 397 304 398 364 474 414 417 500 383 396 476 389 542 493 344 677 466 511 386 495 480 615 581 622 565 588 481 628 481 412 428 430 532 464 412 370 425 398 405 431 442 436 419 411 369 323 367
326 376 253 200 261 236 324 403 473 396 334 294 296 305 299 305 352 298 376 319 325 286 323 358 336 400 295 357 405 518 334 494 477 445 415 431 372 494 419 537 448 359 442 418 377 402 415 458 457 459 436 548 583 354 495 493 399 673 555 375 644 592 419 485 542 537 611 681 599 620 446 522 592 543 417 441 388 469 424 403 381 485 427 452 464 458 443 398 357 332 292 342
443 381 342 164 200 222 378 409 367 350 355 359 327 350 336 423 391 386 390 383 347 346 316 389 365 415 335 345 313 398 399 373 515 412 399 492 271 531 583 524 469 470 380 363 335 445 414 347 358 448 417 545 534 376 572 636 420 653 493 419 487 500 478 644 583 671 563 730 643 569 598 478 647 533 477 501 397 463 491 413 406 462 493 488 467 440 358 388 354 306 339 306
346 256 301 343 252 181 256 299 388 335 318 384 391 350 374 365 383 441 438 395 360 314 385 483 371 414 373 400 496 560 436 483 474 463 490 360 333 318 372 497 493 420 400 338 389 380 408 366 541 517 461 651 541 426 652 598 414 621 572 398 444 494 459 676 542 708 600 769 487 524 577 541 635 572 592 504 430 482 512 431 459 471 422 481 467 461 408 350 300 269 263 249
264 349 397 373 313 274 333 180 211 192 230 368 312 377 412 422 432 463 401 399 369 366 498 478 486 438 508 350 414 413 463 465 492 514 481 463 309 276 313 352 456 436 382 347 389 403 415 451 427 612 615 706 526 385 612 613 491 520 480 482 431 556 514 602 628 733 648 720 518 552 565 644 566 524 491 431 459 516 488 483 536 455 486 471 473 465 397 330 301 275 353 280
359 314 411 435 370 350 264 211 186 308 314 193 309 331 368 415 434 467 451 408 444 358 467 526 498 565 539 402 486 504 475 523 524 524 544 486 420 457 363 411 431 477 416 337 424 521 562 515 493 591 572 540 391 421 676 552 528 542 531 467 487 630 584 583 645 769 572 595 626 695 696 518 583 536 459 536 518 547 553 610 561 523 526 505 443 386 352 313 292 271 301 332
365 408 396 330 323 300 388 328 288 321 238 230 272 328 490 410 389 409 477 432 458 492 400 437 573 542 422 494 555 527 507 572 582 499 490 380 359 336 357 421 468 395 373 347 475 581 456 445 492 504 660 634 424 439 601 502 591 637 418 517 434 647 636 630 776 700 594 593 675 689 674 660 615 503 555 491 490 497 601 515 509 504 498 454 385 346 346 332 297 305 368 385
372 406 381 301 341 247 308 279 291 360 325 297 197 244 276 319 412 287 417 482 484 493 512 523 622 531 444 535 578 537 417 408 404 351 347 394 315 385 343 397 329 339 445 434 413 437 494 560 474 467 532 417 543 493 675 520 489 515 471 620 571 616 762 786 762 770 803 739 580 714 685 589 637 582 489 505 495 466 520 506 463 467 450 408 393 388 367 340 362 394 361 336
426 387 349 394 341 315 419 423 351 388 435 383 327 251 204 207 254 287 367 461 409 356 415 463 605 550 597 610 518 455 410 416 518 397 337 387 345 398 306 310 366 429 439 378 519 456 551 507 492 499 490 521 602 509 662 581 530 454 527 670 613 556 720 780 693 784 791 738 735 633 649 653 583 533 523 555 498 474 475 454 495 464 418 395 383 380 376 368 408 388 360 343
459 455 363 426 339 410 438 465 480 519 538 450 534 369 321 222 453 225 219 275 222 269 259 309 438 395 550 483 469 439 443 528 509 361 447 377 352 443 392 340 499 507 444 437 423 504 437 514 511 551 483 539 523 495 561 506 537 438 536 695 548 516 620 772 760 778 738 647 747 708 723 730 661 592 518 519 432 461 432 456 511 493 399 389 375 366 390 399 394 361 336 348
444 381 365 418 306 379 438 479 466 405 433 418 439 381 304 221 273 402 374 481 398 260 486 466 400 527 510 477 500 467 442 431 402 385 459 355 374 475 326 321 374 412 519 527 466 529 538 565 638 488 606 586 580 531 546 611 533 486 515 684 667 555 562 762 785 774 680 710 740 550 567 629 503 471 489 476 499 406 432 454 486 477 411 372 382 381 374 406 397 339 331 325
440 417 416 386 415 421 426 399 336 384 336 344 278 271 234 239 316 362 421 474 303 288 290 546 501 497 365 395 497 424 361 464 426 466 395 350 382 382 408 407 376 399 397 523 562 444 637 555 646 620 668 661 651 658 720 684 646 559 531 615 713 634 658 592 645 674 798 765 694 586 593 507 483 425 432 462 482 456 476 404 478 446 453 365 366 388 354 371 381 337 322 326
403 393 409 449 361 446 461 400 357 299 281 327 401 310 297 404 438 445 334 562 317 228 348 359 406 431 393 395 384 371 421 538 492 498 447 382 417 403 415 346 402 432 435 454 560 562 497 632 658 550 682 590 631 706 735 570 489 701 620 736 635 627 637 609 604 690 712 709 626 576 515 555 513 440 436 452 411 488 371 410 452 478 502 373 354 386 368 356 385 338 323 333
455 393 467 455 481 447 416 373 422 374 445 505 452 332 453 425 435 527 416 401 302 241 239 361 352 325 347 354 320 403 488 555 496 478 418 427 465 429 400 340 433 353 481 490 622 530 624 586 659 724 723 714 728 765 656 635 559 683 693 698 686 628 697 596 637 635 658 588 553 562 523 467 439 555 449 507 425 392 362 412 466 449 415 351 354 337 376 352 408 336 333 364
512 399 412 511 503 508 465 485 367 488 483 337 390 356 387 412 495 462 473 404 297 246 341 301 287 322 284 386 456 395 462 458 469 442 453 452 484 437 410 341 430 393 426 441 520 541 630 653 610 782 794 750 708 736 669 639 620 654 601 687 714 649 634 704 719 647 703 752 565 603 535 547 522 506 466 449 438 369 469 494 462 434 427 346 338 360 347 390 422 333 356 340
539 492 412 476 551 499 443 443 494 439 365 445 348 372 355 414 517 441 455 354 390 286 322 262 325 344 361 445 482 461 414 374 390 454 472 539 484 394 356 389 425 435 398 411 429 429 587 606 681 614 554 546 581 599 636 720 711 627 716 638 633 669 688 597 555 577 760 663 585 516 495 528 449 464 432 453 422 368 441 451 446 420 425 352 370 412 331 404 407 355 345 342
484 452 501 452 491 508 620 530 461 525 579 487 388 382 497 429 354 332 376 342 275 265 238 334 396 350 321 435 362 409 381 385 338 377 553 486 417 376 406 358 362 399 475 400 438 437 461 489 663 533 608 690 705 639 674 698 762 660 748 674 704 654 547 513 592 695 650 590 605 479 465 435 430 416 414 428 433 358 469 453 448 415 414 359 387 408 337 405 413 342 347 379
521 485 551 593 578 619 577 606 621 573 518 481 407 413 422 349 379 351 309 294 260 320 261 299 342 331 348 363 302 331 322 453 471 492 497 460 447 452 422 393 385 394 437 481 512 503 454 451 519 490 630 622 577 706 635 764 752 773 746 725 635 693 626 539 511 549 495 598 516 501 418 427 422 406 384 384 379 339 475 425 403 416 392 407 405 374 283 393 378 332 311 384
521 561 526 518 477 563 510 553 469 470 435 434 460 417 378 350 308 299 280 323 239 358 321 244 312 286 259 283 321 370 362 419 468 545 563 601 455 430 474 409 461 451 455 415 463 412 450 467 449 516 534 537 560 562 705 609 743 741 763 615 607 575 661 633 516 532 512 422 602 566 410 374 410 397 378 375 398 413 466 437 383 399 388 428 374 403 428 359 369 315 316 344
581 559 467 460 439 503 444 418 402 422 425 361 376 371 377 304 304 311 293 274 401 322 282 316 252 266 398 376 439 416 389 390 504 530 458 639 623 620 559 558 495 484 486 414 380 447 467 409 419 464 494 519 512 618 567 712 641 769 686 713 679 581 600 725 669 702 587 543 475 471 402 405 377 375 363 356 379 438 432 427 382 373 486 449 432 376 264 296 238 336 250 352
495 493 461 416 408 474 422 404 394 417 357 399 384 358 274 284 254 288 338 429 355 306 308 340 266 254 290 470 441 452 539 550 579 402 543 631 570 517 450 372 579 444 360 395 422 419 478 504 513 546 568 608 631 564 677 680 652 684 632 619 650 652 520 620 628 668 717 546 436 386 384 391 437 405 353 376 345 381 421 411 370 421 479 470 372 275 244 344 283 331 240 340
448 425 466 423 395 465 421 373 418 371 327 353 347 310 298 315 285 376 418 338 328 325 376 377 302 345 254 275 328 521 399 517 487 431 540 463 471 371 399 420 344 350 433 435 452 465 498 460 566 615 564 550 562 664 701 685 641 633 648 574 554 505 504 461 575 584 667 539 507 547 417 447 464 431 372 396 345 392 417 415 388 311 439 428 425 281 282 387 375 240 277 241
494 495 459 434 432 370 381 411 407 385 405 380 361 387 308 308 432 373 408 369 320 338 436 396 364 351 361 287 414 499 329 383 352 397 409 321 357 533 575 504 476 394 422 510 609 561 597 636 677 698 675 726 738 703 659 529 611 724 671 576 550 594 646 619 495 530 606 460 502 437 450 392 418 411 394 323 334 315 389 365 389 306 361 385 388 391 269 429 409 423 413 299
417 463 443 469 450 407 378 417 453 406 365 323 308 308 318 452 419 428 420 317 346 424 460 349 448 318 413 329 345 280 298 350 368 423 359 425 559 455 468 609 540 470 488 393 465 583 635 510 578 678 749 721 685 673 690 505 684 635 662 645 648 717 679 539 441 564 473 479 455 507 453 387 384 349 342 350 407 357 311 385 303 395 284 363 357 287 253 365 416 433 443 280
446 488 442 434 357 372 390 370 343 419 319 335 308 347 347 352 497 487 465 345 439 476 397 323 310 336 396 285 437 491 445 447 452 503 475 505 638 553 535 652 547 499 664 565 495 414 435 510 592 628 694 606 554 624 619 597 527 694 727 756 786 627 616 543 426 505 427 483 444 450 457 389 355 341 368 353 425 408 371 408 430 325 266 362 356 284 291 370 450 456 345 422
411 481 421 429 388 452 459 381 330 321 367 339 344 360 407 362 484 451 493 411 377 406 404 422 371 425 400 417 295 367 375 345 402 373 507 533 538 660 607 684 626 685 650 645 657 599 479 569 722 678 629 618 642 582 513 601 676 696 704 698 793 722 712 688 637 454 397 467 448 450 459 426 344 333 383 404 361 368 380 416 371 375 308 269 343 326 311 355 451 444 441 482
358 432 512 411 458 399 382 381 418 392 343 328 308 410 402 429 504 451 438 441 469 448 450 548 473 569 488 473 327 333 356 340 422 367 386 449 611 593 687 621 612 585 564 595 627 680 689 731 642 631 592 638 610 516 526 680 594 590 705 644 629 677 682 574 510 459 419 437 417 430 385 406 340 331 359 390 312 371 330 370 354 307 306 382 322 425 370 293 412 451 499 610
352 402 448 473 479 430 435 446 439 390 386 327 339 377 394 450 480 527 473 545 456 530 536 524 487 455 385 349 431 371 376 409 426 441 578 492 569 658 709 635 545 546 575 568 633 641 635 591 552 554 478 521 519 567 549 624 611 680 607 575 635 613 562 621 626 534 501 373 422 406 345 381 331 382 392 422 351 305 322 365 352 344 347 257 276 404 387 310 443 512 530 434
278 308 323 436 404 409 424 438 440 394 344 408 404 389 390 485 508 484 509 586 542 609 453 484 410 440 436 437 367 490 376 409 492 539 576 642 684 634 623 580 553 481 489 559 585 500 606 532 526 559 483 475 477 558 504 605 634 613 521 613 680 556 540 544 494 496 449 421 360 370 467 462 456 465 426 407 404 372 320 338 299 304 303 343 337 282 378 348 400 497 483 388
254 359 412 403 408 375 412 374 408 362 307 387 390 404 433 444 438 509 523 518 498 505 467 430 493 479 450 439 402 581 423 383 493 638 604 570 628 646 539 602 593 545 470 576 507 485 597 543 564 569 535 448 492 532 564 653 568 526 600 509 598 579 497 552 556 442 444 458 393 421 494 428 436 465 386 342 370 377 348 345 298 315 371 389 411 351 401 368 410 438 499 497
378 422 428 452 407 393 373 358 324 352 314 324 324 411 396 380 441 514 476 452 446 433 412 551 578 448 519 427 503 536 441 546 426 544 635 558 535 561 510 651 560 556 439 533 546 517 543 527 500 530 448 515 579 606 662 632 631 636 492 555 599 522 498 523 529 512 477 402 449 438 482 429 380 434 443 376 378 336 318 302 300 330 307 350 382 378 332 408 440 478 469 524
283 344 408 434 391 407 406 367 367 329 380 343 411 413 454 468 449 493 521 469 535 463 434 493 475 424 512 529 507 577 454 588 489 452 609 605 589 548 546 579 462 438 469 428 473 495 539 440 524 439 491 547 573 646 560 612 609 504 508 463 579 461 526 447 560 451 440 468 404 444 425 421 399 385 448 355 346 343 345 268 310 334 356 372 384 353 407 455 444 490 442 528
332 371 461 431 461 392 378 380 360 372 318 427 393 449 425 385 471 443 483 465 436 416 507 638 492 500 447 529 540 519 512 544 450 501 519 634 528 564 475 485 454 521 564 576 504 415 504 469 508 431 483 524 563 606 571 583 582 514 435 607 586 523 522 373 471 447 470 355 350 406 409 406 411 343 408 336 307 317 335 298 311 349 350 356 377 369 367 452 487 510 470 483
341 420 493 459 386 363 354 347 412 453 351 360 453 416 456 432 413 429 401 355 372 416 470 490 525 451 467 547 453 489 493 579 499 482 621 648 622 599 510 493 583 564 507 603 519 477 412 406 440 422 495 484 592 558 546 464 505 472 554 535 434 405 426 425 360 372 422 371 407 390 414 351 376 350 308 315 307 272 323 325 321 299 344 334 392 367 352 394 496 408 489 468
321 336 441 419 396 395 411 441 482 463 327 411 417 483 416 477 491 469 360 334 330 354 393 512 460 471 537 451 433 380 423 563 584 534 618 647 581 558 489 492 522 546 594 533 463 433 479 475 462 446 398 459 538 494 537 456 459 483 437 523 533 458 389 336 381 381 343 351 321 367 386 368 352 334 295 277 281 293 291 305 305 328 359 373 398 378 364 382 375 480 439 501
