data/geo/dem_1000_31469_gk5.asc
ncols        751
nrows        949
xllcorner    4803000
yllcorner    5218000
cellsize     1000
NODATA_value -9999
[rows 615 to 655 of 949, columns 276 to 367 of 751]
146 214 173 204 204 334 303 219 191 336 242 346 236 268 334 431 470 447 354 386 451 337 442 445 417 434 457 416 296 330 361 216 152 161 311 300 276 280 293 299 253 298 296 194 182 160 254 258 198 178 283 304 312 301 295 281 266 267 253 294 289 246 280 292 267 298 295 283 246 259 245 227 218 238 221 205 205 204 205 211 219 217 220 229 241 249 247 258 227 275 245 225
172 226 214 189 338 229 346 332 232 295 365 377 409 312 398 471 427 372 385 436 431 332 414 402 321 439 445 534 434 444 430 372 333 149 271 313 277 284 292 312 259 257 274 329 222 159 189 237 206 195 234 318 312 266 283 272 297 215 265 262 208 288 288 285 247 284 252 270 261 243 227 225 218 231 215 204 204 204 205 208 211 211 212 218 237 251 246 239 225 246 244 254
120 188 152 194 224 312 352 388 267 339 319 385 435 446 397 455 465 424 397 401 425 310 256 245 266 339 360 540 504 452 424 398 301 151 322 326 298 267 268 294 274 275 298 295 294 162 181 287 238 181 272 319 271 247 261 278 228 208 255 227 251 242 263 225 266 275 238 225 216 228 229 230 222 240 223 202 201 202 209 214 216 215 210 212 219 243 245 240 240 231 258 254
114 136 161 210 255 281 214 303 376 309 340 300 347 413 478 416 377 387 382 292 321 327 331 354 353 235 311 500 499 408 374 340 187 226 303 291 308 279 271 315 264 294 327 273 269 161 187 262 290 215 302 286 291 273 256 206 269 319 297 267 310 253 228 238 215 256 216 218 237 224 249 238 245 240 222 200 201 206 213 213 216 218 211 213 216 231 251 247 238 234 262 246
118 148 151 169 225 323 260 339 372 423 328 331 418 412 466 419 429 361 313 395 365 390 388 476 342 315 351 434 410 416 300 177 238 344 301 301 323 294 276 321 271 308 320 294 284 177 160 251 301 187 188 228 243 258 210 314 297 338 335 357 325 300 307 248 257 242 255 237 262 255 254 242 241 237 234 198 199 204 208 210 214 221 219 212 212 222 253 254 240 239 268 253
113 134 213 218 179 226 280 365 323 384 336 314 408 387 470 470 450 416 354 369 525 482 439 510 444 376 208 287 461 380 251 146 327 344 321 346 310 285 285 301 282 281 305 308 277 236 190 169 253 227 293 194 201 236 345 299 316 361 337 331 338 306 299 293 256 286 242 253 249 259 275 259 260 270 230 199 209 216 222 214 213 220 220 215 215 223 245 254 257 247 261 260
117 149 212 234 214 237 201 292 286 398 382 260 303 428 473 393 453 415 402 410 448 526 420 397 517 411 263 195 398 373 321 226 221 298 302 343 305 317 295 323 292 280 294 316 260 285 251 189 174 287 275 294 300 333 319 361 375 318 304 330 326 325 328 307 275 250 272 254 271 273 259 276 260 252 235 199 213 230 228 217 217 219 220 215 214 218 232 240 274 278 259 283
117 118 206 256 269 252 255 268 245 325 385 330 331 351 426 382 388 463 441 432 567 526 433 414 407 507 358 321 239 289 344 254 156 297 285 334 306 341 330 327 299 291 314 337 281 249 284 205 172 246 260 249 331 337 335 351 331 334 299 300 328 328 322 296 272 271 261 264 256 270 289 276 302 290 268 223 254 253 250 224 219 222 222 217 220 223 224 233 258 264 276 294
125 122 179 242 280 290 299 247 343 408 279 258 362 392 430 353 405 384 470 479 513 432 519 509 474 347 456 443 388 227 329 284 152 282 251 299 330 326 279 273 283 284 322 314 296 306 296 225 172 188 288 294 251 273 335 332 327 310 288 329 340 338 335 305 300 296 283 261 257 279 248 261 263 270 270 215 263 262 242 227 223 223 221 215 219 222 224 233 242 252 273 293
127 114 127 188 231 226 259 282 339 366 318 252 388 416 312 274 429 433 483 483 440 396 479 482 476 420 331 416 378 350 169 279 175 231 256 273 249 290 257 284 281 288 271 265 270 266 215 182 167 176 207 235 284 328 311 317 367 291 344 322 330 340 301 303 303 283 273 274 288 267 267 262 240 241 222 201 245 252 235 224 228 222 216 217 218 222 231 241 239 261 278 291
165 123 128 167 223 262 329 361 395 325 223 358 322 385 313 348 351 462 543 521 395 360 451 461 447 430 395 290 339 319 173 168 252 216 209 261 266 282 247 309 283 251 253 257 261 282 214 184 177 168 292 302 380 327 326 309 318 289 321 320 354 349 314 281 294 280 285 275 263 285 268 297 300 267 280 196 239 254 237 235 228 220 212 223 220 220 223 239 250 251 269 289
194 125 136 221 206 262 369 357 355 264 212 227 217 277 313 364 394 484 522 513 421 334 433 440 412 394 351 361 306 236 267 201 152 151 192 253 274 238 230 277 294 242 237 245 289 242 256 199 190 184 182 231 275 362 320 331 277 330 310 322 342 312 311 273 286 284 279 268 268 278 276 289 309 300 283 195 286 280 262 233 221 214 221 222 230 224 225 241 254 284 275 273
120 127 140 253 317 303 325 323 381 185 415 389 348 334 311 401 430 398 444 501 491 350 430 384 414 385 358 309 304 322 298 246 162 162 207 184 207 248 220 257 279 227 263 260 288 296 225 198 232 232 172 199 359 348 322 263 285 337 281 345 352 330 289 284 270 274 272 268 259 275 277 310 295 227 219 208 260 278 286 259 229 247 252 239 234 236 234 245 245 262 280 303
125 128 141 138 239 299 304 216 341 179 322 379 503 374 422 390 381 422 378 424 465 452 315 406 332 369 378 318 311 304 237 234 149 166 207 238 252 217 222 225 214 224 271 258 303 348 284 207 302 247 164 242 306 339 272 307 260 290 349 327 324 310 291 274 277 268 268 258 274 290 272 300 273 198 230 263 264 254 255 265 215 242 237 238 233 236 242 261 265 280 283 371
126 160 234 203 143 232 266 206 169 287 252 359 489 450 491 454 392 332 412 325 358 448 424 243 279 378 383 335 339 318 310 254 153 166 215 268 286 250 272 288 238 247 299 317 327 307 303 279 249 279 176 230 350 331 270 300 299 297 309 275 299 288 279 268 256 258 269 277 276 280 275 288 265 195 199 195 193 231 250 229 229 226 268 269 246 247 259 276 277 306 351 345
128 184 208 198 308 153 220 176 201 357 383 478 466 415 450 429 332 300 286 342 437 401 377 372 213 323 373 368 347 308 261 175 159 177 281 243 238 259 305 319 295 254 298 293 310 337 353 259 354 316 219 168 311 290 272 265 290 288 247 246 258 259 252 276 278 274 273 280 279 280 276 266 289 291 192 193 232 194 197 222 244 228 240 275 251 246 264 266 270 285 295 327
130 160 216 206 286 263 196 223 210 260 289 325 387 362 353 385 415 324 254 221 298 328 387 332 342 195 296 334 301 275 262 203 239 197 205 291 284 285 311 308 288 312 278 304 293 352 336 269 335 275 286 179 213 230 266 242 281 293 233 259 288 284 300 281 268 273 287 294 284 287 291 284 304 260 200 235 195 194 200 223 234 256 259 263 259 259 258 248 256 273 296 292
121 205 237 267 308 269 206 221 214 330 460 375 322 409 298 422 326 363 362 445 276 290 331 297 184 342 346 317 296 267 249 167 217 218 220 238 245 310 265 289 267 263 296 272 323 275 336 345 349 329 302 196 180 255 267 217 288 305 221 304 273 265 255 281 269 279 299 281 279 283 289 263 277 263 226 276 261 231 236 222 237 242 255 252 252 249 263 261 271 282 276 281
137 117 292 265 285 269 240 227 252 384 421 402 406 314 321 301 325 261 298 295 379 165 235 366 326 238 334 309 286 261 246 208 153 263 229 216 240 262 293 281 292 309 283 268 303 296 319 325 330 293 252 247 179 237 278 233 303 307 247 246 262 260 265 267 292 307 292 276 275 283 284 262 281 291 188 261 247 222 213 227 246 251 253 235 248 258 241 252 260 269 274 272
157 133 202 237 298 277 247 243 280 433 463 252 430 199 347 297 310 248 267 240 166 225 213 357 237 286 285 292 244 256 245 216 182 141 290 281 302 265 295 254 306 299 276 251 282 303 295 290 319 316 298 221 175 253 296 214 308 300 233 244 250 219 227 239 266 299 280 288 274 257 253 251 249 290 243 191 199 201 223 228 230 241 233 239 227 230 236 245 267 274 286 298
159 142 142 300 265 233 210 236 324 411 447 290 237 198 217 270 169 222 215 146 130 147 244 138 134 138 292 274 206 254 217 186 168 151 196 288 263 279 240 292 269 280 235 246 274 299 258 320 284 303 307 249 171 208 195 267 296 285 196 251 216 226 243 273 282 274 311 290 265 273 268 245 211 273 249 242 189 200 213 211 220 218 227 217 226 245 258 256 262 273 286 309
206 205 134 223 179 238 222 240 352 456 410 227 138 140 156 159 130 138 147 255 287 155 310 148 256 146 219 170 193 178 138 141 179 277 290 263 242 297 292 262 248 246 242 308 256 256 304 272 302 305 309 259 272 166 173 173 176 182 186 214 233 252 268 266 262 288 289 290 270 270 270 242 208 249 221 233 219 195 200 202 215 214 215 245 251 260 252 258 270 290 295 319
198 122 154 180 204 228 221 255 376 262 380 133 156 305 351 276 384 177 223 372 364 178 135 305 297 188 199 215 199 153 176 195 231 272 265 222 259 207 224 285 295 304 271 311 248 291 278 297 276 311 329 339 301 297 226 256 180 209 246 277 242 242 254 239 305 302 298 288 266 262 261 276 201 186 188 197 195 190 195 200 207 210 224 241 246 264 274 267 272 293 313 378
173 125 232 319 254 257 202 323 342 249 253 206 166 346 415 423 360 169 354 387 330 344 294 343 327 214 144 157 136 155 232 244 165 168 209 229 275 296 358 352 340 330 346 311 255 262 258 285 281 321 326 312 311 319 344 260 178 218 265 271 255 264 227 246 295 326 286 286 274 275 270 279 190 195 182 188 189 192 200 210 206 219 233 237 239 246 254 270 275 299 320 365
223 171 127 330 270 231 242 414 234 127 130 143 252 421 439 376 363 196 357 337 345 338 324 343 321 231 233 280 143 138 221 281 275 279 304 271 263 286 277 296 319 303 306 309 269 289 312 290 294 335 322 338 289 262 209 210 171 249 272 290 243 257 306 330 283 309 308 286 258 259 274 265 207 210 232 210 194 211 219 214 216 221 217 230 236 251 263 271 291 313 320 377
404 244 134 120 134 151 290 321 127 167 271 389 445 448 418 373 327 328 337 317 311 318 337 326 274 167 147 274 264 150 195 190 276 307 249 321 343 339 380 340 302 310 308 304 305 270 311 335 326 339 360 340 315 316 316 290 197 174 180 275 231 327 317 300 311 299 283 300 308 269 227 214 190 205 210 215 225 224 224 222 227 217 233 234 237 255 269 287 303 309 335 369
265 373 278 131 120 163 335 184 166 343 419 363 462 306 379 340 351 326 265 328 313 330 325 309 296 266 204 261 258 278 297 239 236 231 277 285 348 304 313 343 336 302 346 341 325 288 268 277 321 366 365 314 324 333 304 266 208 270 190 172 231 287 282 278 283 270 271 284 302 273 249 233 186 192 201 206 206 210 217 216 226 226 231 258 245 251 277 285 311 324 397 413
233 197 168 151 130 135 153 125 178 309 239 251 250 315 387 361 337 316 331 319 318 346 332 320 312 294 177 200 275 309 320 344 334 358 304 306 293 292 341 344 312 294 339 309 320 353 331 316 353 362 343 333 329 327 289 252 264 285 231 175 282 288 287 280 303 293 281 278 287 274 263 258 186 189 194 201 207 216 223 232 237 232 237 241 255 262 295 288 327 406 409 390
349 368 329 309 136 126 131 132 133 136 147 154 354 385 370 354 339 335 345 328 339 353 352 322 303 279 150 153 227 279 306 316 357 321 317 310 291 335 315 332 322 267 299 291 317 333 334 332 361 352 364 342 280 263 267 285 274 286 284 192 194 233 295 292 295 292 276 265 272 257 248 216 184 189 199 203 207 220 223 230 251 243 248 258 263 285 279 312 333 426 453 444
427 448 413 348 129 401 202 212 223 385 400 335 158 336 364 352 338 317 325 328 366 354 347 336 305 200 289 264 248 341 314 302 314 329 335 338 301 345 324 322 325 280 297 331 317 351 365 359 357 329 373 358 313 269 244 286 276 276 278 208 212 269 247 284 304 292 270 257 248 232 213 200 189 190 196 198 207 217 237 245 259 273 273 289 285 290 292 304 398 422 439 390
317 434 418 286 164 342 433 429 362 414 431 374 360 172 345 342 311 322 287 350 383 370 346 338 270 312 300 229 196 157 223 167 163 285 358 259 340 310 309 253 244 299 339 352 378 366 381 376 342 337 332 363 327 284 269 281 303 255 278 238 174 213 264 285 285 289 273 270 264 249 243 223 183 189 201 208 225 225 245 267 307 312 314 295 356 308 392 378 363 452 374 432
218 164 221 274 227 441 401 466 443 446 398 390 341 309 322 333 315 310 283 375 383 371 366 317 338 362 322 195 282 246 163 161 264 164 294 238 308 309 258 270 287 310 283 348 326 371 355 352 316 328 370 368 348 321 304 274 302 272 290 284 194 175 272 294 296 288 271 273 265 262 233 181 221 217 236 223 251 245 247 296 469 455 468 388 396 362 400 419 368 347 340 389
274 394 266 144 348 395 330 414 432 466 412 384 372 377 232 289 303 308 379 373 390 383 371 361 351 327 283 312 319 365 322 246 303 205 247 320 314 249 273 319 315 353 306 353 313 351 355 328 326 330 347 340 334 329 303 292 285 298 285 299 268 204 198 272 262 260 260 283 275 241 180 225 236 235 233 220 243 247 266 311 385 334 343 449 361 343 403 419 388 345 331 351
453 377 185 202 226 291 301 387 423 452 395 392 330 343 267 307 269 295 353 411 413 398 380 366 345 312 350 370 323 326 318 250 322 166 220 273 252 239 241 315 330 348 360 331 320 321 344 323 316 360 310 307 341 322 320 302 307 290 297 299 272 247 190 253 230 257 246 279 273 187 215 220 220 222 235 232 230 238 258 255 263 325 358 356 344 332 353 419 365 348 343 352
458 299 169 151 298 400 436 446 442 450 381 397 348 301 215 372 375 337 303 304 409 400 383 362 376 340 358 383 363 334 279 291 312 181 184 177 243 317 310 358 363 345 345 322 314 315 339 312 337 339 294 310 319 313 320 313 306 303 300 292 297 244 195 264 255 286 255 288 263 193 185 203 213 220 224 238 236 253 272 260 275 300 360 390 362 336 328 403 358 351 340 332
232 215 361 155 175 172 211 281 449 444 379 365 327 314 359 375 397 397 398 349 402 363 381 374 385 393 405 384 358 355 319 356 342 216 167 226 238 294 344 342 311 333 314 307 313 316 340 314 288 326 289 301 300 318 317 308 297 291 288 257 250 213 193 203 269 268 274 265 279 250 181 225 234 240 235 255 262 270 258 283 285 295 294 304 344 352 323 341 385 359 378 351
339 414 240 360 421 168 405 194 451 449 356 367 320 400 408 357 405 404 414 274 413 380 381 381 393 414 405 376 371 366 348 364 315 227 171 192 320 330 345 332 307 296 290 304 308 293 350 350 318 309 283 322 314 315 301 302 299 295 292 270 280 268 279 184 184 214 185 203 256 198 183 243 267 251 263 283 268 234 244 260 264 295 299 307 324 325 328 325 404 344 342 322
220 196 170 440 321 233 413 424 207 393 347 373 418 385 422 393 380 420 423 249 397 374 363 404 371 386 385 373 317 352 340 327 326 218 182 183 234 323 317 315 311 290 305 261 294 334 364 332 308 277 317 287 304 308 291 289 299 302 297 280 285 277 256 261 207 193 218 246 220 244 207 232 274 235 259 235 258 258 279 298 262 292 303 316 304 319 315 312 348 338 335 340
261 289 289 442 305 220 452 465 260 376 300 414 431 420 410 420 422 424 409 393 365 360 373 373 369 361 397 371 359 310 319 334 307 336 215 172 235 270 297 311 300 302 290 327 344 351 350 327 285 259 283 271 285 289 298 300 296 299 298 292 284 221 261 300 262 257 251 267 268 281 265 250 195 203 261 257 258 273 282 296 297 299 312 316 316 329 319 318 316 331 339 330
434 269 365 457 452 200 427 463 267 382 362 277 432 437 418 440 432 412 392 340 251 324 292 317 339 327 361 369 328 282 284 267 284 321 282 177 233 257 313 295 300 243 328 347 321 310 345 307 310 251 295 289 302 308 299 298 300 298 291 260 282 262 275 308 280 262 253 300 292 260 290 268 264 254 262 275 273 261 281 296 310 310 288 309 318 326 311 326 324 308 313 328
484 379 280 466 451 221 453 441 414 305 401 423 377 428 438 420 403 382 347 347 315 277 292 364 399 374 370 295 313 241 341 345 258 309 200 187 227 249 294 274 302 306 294 341 284 333 316 291 270 265 285 295 278 294 300 292 284 280 280 276 260 277 278 301 316 297 276 297 282 288 286 277 255 240 268 258 247 278 283 308 310 308 330 338 335 319 326 329 309 305 304 301
