data/geo/dem_1000_31469_gk5.asc
ncols        751
nrows        949
xllcorner    4803000
yllcorner    5218000
cellsize     1000
NODATA_value -9999
[rows 697 to 737 of 949, columns 276 to 367 of 751]
181 192 187 200 228 228 231 208 211 205 191 176 213 224 233 252 267 277 259 299 272 279 304 319 321 328 325 316 306 323 348 342 328 362 356 368 378 385 401 394 231 423 437 446 447 339 347 468 462 461 464 462 471 447 368 429 437 440 432 407 430 427 424 444 451 445 495 428 415 422 445 502 506 476 467 482 497 520 484 484 524 455 436 429 426 425 425 425 428 422 426 475
169 191 207 229 230 223 218 221 205 211 195 212 182 191 227 244 273 293 240 269 241 252 286 290 300 304 311 333 343 327 322 334 352 335 352 359 371 379 392 415 253 305 368 433 459 461 295 472 468 428 449 435 432 423 400 425 427 425 429 415 415 418 456 472 464 447 439 439 432 447 508 502 484 470 465 466 503 478 471 466 482 467 441 433 430 427 425 431 422 426 423 428
152 194 212 247 285 242 241 241 226 202 308 220 201 214 213 218 275 256 222 246 264 242 271 269 302 307 318 315 333 339 348 347 340 358 331 358 370 383 346 399 243 437 448 458 472 454 297 328 424 430 413 432 437 439 425 402 421 428 423 417 413 428 468 461 454 449 453 464 486 491 478 477 504 476 465 459 485 476 463 465 499 489 474 457 470 450 434 429 426 432 421 454
166 188 189 205 272 270 227 313 276 209 320 311 302 243 241 210 249 253 256 225 233 261 272 257 278 306 292 325 309 340 338 352 349 360 351 340 376 394 393 402 254 423 454 444 466 458 437 424 368 315 356 436 420 422 431 425 420 400 407 415 419 429 455 464 458 450 464 460 470 523 520 481 470 462 461 462 494 498 466 460 465 472 518 519 514 497 451 445 431 427 423 430
164 169 189 215 293 286 221 269 217 290 279 262 249 249 243 224 223 232 255 242 229 247 230 268 250 264 286 314 321 330 335 358 349 351 340 345 375 384 355 428 240 432 369 437 458 437 438 450 435 435 310 408 383 355 395 406 401 398 430 442 432 456 471 466 460 459 462 462 496 552 491 475 472 461 454 459 511 471 481 456 459 463 479 507 483 495 477 439 429 425 426 419
194 184 162 194 239 216 218 184 195 213 274 286 241 221 255 225 228 240 280 233 231 250 233 258 272 274 307 300 396 447 411 375 357 349 350 374 391 410 410 434 396 247 437 445 428 436 441 448 465 456 437 418 383 379 340 333 396 441 448 469 456 444 458 464 452 447 454 463 497 481 541 484 463 458 455 460 516 470 465 461 457 488 515 483 465 461 458 493 456 436 430 423
177 228 183 164 199 188 241 310 312 309 280 240 228 237 227 209 223 305 256 268 236 279 237 284 302 319 335 395 447 492 495 411 443 365 351 382 393 405 413 436 445 244 439 430 421 452 463 465 465 459 439 376 375 361 390 403 416 416 461 471 463 442 466 446 444 444 468 507 477 483 481 494 504 461 454 456 485 495 471 458 506 473 502 507 463 471 454 488 458 437 431 428
191 287 206 233 192 183 220 196 234 226 254 301 240 223 255 216 232 275 292 263 289 269 240 266 258 292 349 428 486 499 450 470 387 373 358 384 408 414 432 428 409 309 281 422 371 434 455 443 438 443 411 383 397 418 423 439 418 418 453 449 462 433 434 433 432 441 469 492 472 461 460 480 474 486 458 458 523 476 477 456 457 468 509 503 501 483 462 444 491 466 465 458
167 226 300 224 188 205 189 188 204 253 231 290 249 234 245 245 253 248 390 348 349 326 261 279 315 362 463 414 479 493 436 452 522 394 376 379 404 418 418 417 263 379 429 422 424 426 404 446 454 447 440 419 421 443 433 441 426 409 379 399 441 431 427 430 423 429 438 481 495 474 462 463 457 466 463 452 477 502 464 451 460 518 513 496 511 473 495 460 441 483 477 465
200 194 241 294 248 222 207 219 185 207 229 238 229 268 253 251 284 298 248 313 401 397 276 279 403 446 453 461 465 487 427 503 439 388 376 384 395 392 284 290 302 341 309 411 423 432 448 427 447 443 437 434 426 438 442 437 417 423 432 442 432 428 416 422 439 432 444 447 484 535 480 463 470 452 450 448 517 474 456 449 457 497 511 497 488 506 464 488 474 440 476 474
214 224 305 308 208 248 224 209 218 194 193 219 218 259 299 353 333 257 343 307 342 399 417 300 262 290 297 438 472 481 407 429 504 353 352 368 354 258 314 403 304 419 400 266 427 443 436 400 432 414 416 439 430 438 436 435 436 433 427 432 407 433 435 422 426 475 480 514 528 490 516 507 468 462 453 446 462 512 470 457 492 503 492 462 496 484 479 450 475 457 460 458
304 244 308 290 243 257 234 219 252 213 223 218 246 330 309 326 367 327 312 418 265 460 424 391 295 349 453 457 457 476 436 453 496 350 346 335 298 386 401 400 401 427 420 402 304 423 429 413 433 435 437 435 435 434 439 442 448 429 425 425 395 442 433 436 485 469 533 501 524 486 472 485 517 479 461 454 482 477 468 463 446 504 460 486 479 474 472 452 460 461 436 458
325 370 311 313 280 367 279 260 261 234 240 222 240 360 350 354 360 362 439 442 340 390 460 433 431 285 446 451 478 468 456 483 489 408 351 346 265 305 384 407 409 412 413 409 407 283 401 405 406 413 433 432 449 438 431 438 433 443 426 426 417 426 441 470 462 521 522 474 487 510 508 459 468 522 463 451 450 480 506 459 447 477 452 471 493 492 465 462 483 464 462 450
215 235 283 293 320 327 285 320 365 240 247 271 296 423 409 398 318 375 467 440 458 301 450 475 443 418 330 369 471 458 438 392 485 490 369 334 351 331 400 397 396 396 394 396 414 404 319 406 405 419 418 419 421 468 456 455 428 428 435 420 422 412 421 420 428 444 526 491 513 462 501 469 455 472 512 457 446 488 475 470 464 441 475 493 486 488 494 486 472 464 456 456
243 257 277 259 289 290 259 297 329 344 294 354 313 368 486 421 379 451 491 497 421 412 473 475 468 460 463 354 478 482 408 365 379 427 364 374 315 367 393 396 397 392 387 383 387 365 399 403 415 399 413 432 447 492 464 442 433 432 424 423 414 403 419 418 455 457 472 529 525 481 462 457 468 498 489 464 452 475 495 486 464 469 475 473 483 481 486 478 472 466 461 452
275 295 256 252 265 279 248 309 363 366 335 422 494 468 488 479 496 485 490 490 487 435 377 465 469 487 481 468 474 487 434 367 365 391 380 365 307 340 386 381 388 397 391 387 386 393 381 390 379 405 474 459 440 440 474 444 445 437 421 423 417 401 416 433 435 447 535 507 522 474 461 454 452 452 456 490 453 460 463 502 477 476 441 458 471 488 462 477 490 483 477 457
294 251 247 268 264 252 256 266 373 378 410 396 450 416 462 457 490 492 489 458 494 462 465 458 464 472 480 478 460 482 435 374 367 377 374 364 371 314 322 364 406 440 401 383 376 339 360 387 436 471 473 453 460 456 458 483 463 434 418 423 418 410 413 419 440 468 521 481 489 479 512 489 477 457 449 448 485 442 484 500 476 472 466 455 448 478 461 460 462 476 481 457
264 255 236 241 240 270 333 375 382 407 440 464 428 387 443 458 485 509 487 447 474 496 443 466 427 458 476 481 484 488 422 368 358 370 369 369 300 377 374 498 502 471 421 394 382 388 369 359 369 434 487 451 446 436 432 436 428 450 451 415 410 413 429 443 438 459 509 458 480 502 503 495 455 484 473 491 454 442 485 481 480 469 463 454 445 447 445 438 450 457 490 513
240 233 229 238 283 291 314 366 314 365 423 428 516 467 425 460 457 497 490 488 441 490 489 495 471 487 478 466 482 434 395 370 366 364 374 371 333 358 368 388 492 447 424 437 419 396 398 372 417 390 399 469 455 441 442 437 417 415 412 414 408 418 434 428 493 493 504 450 451 496 497 479 469 491 503 495 479 440 483 478 472 495 474 469 444 435 442 435 457 448 481 519
242 255 250 235 274 285 283 283 323 420 383 393 460 495 368 489 454 492 538 489 452 471 474 481 476 478 490 488 400 444 426 378 366 370 370 374 346 300 360 468 497 441 425 442 470 410 405 388 380 411 480 497 459 487 451 443 451 449 466 444 423 406 430 466 439 437 445 442 511 513 521 502 501 497 497 484 471 477 462 453 464 496 481 462 451 449 440 435 438 458 482 496
294 266 263 251 284 256 270 293 380 314 378 462 475 408 449 357 533 506 407 525 471 474 445 426 446 421 391 384 389 483 505 385 373 364 337 369 322 355 425 501 466 473 426 414 440 426 395 382 361 455 479 443 452 489 453 441 448 460 432 419 429 408 449 452 424 440 438 464 511 499 511 497 490 497 496 488 488 469 451 451 453 480 480 478 471 458 460 446 436 460 481 502
299 308 298 296 290 250 238 257 274 312 359 456 537 517 409 351 393 518 405 471 508 536 490 483 485 496 490 486 387 485 495 493 436 441 336 314 323 370 391 464 493 484 453 413 400 397 390 394 393 399 400 405 422 468 467 457 457 442 454 447 449 410 457 429 499 506 501 504 504 497 484 499 486 501 495 480 480 479 462 443 450 466 470 524 494 504 500 450 432 459 473 491
280 260 268 319 246 253 252 287 330 299 346 433 482 419 455 354 371 445 412 455 468 490 580 563 510 490 469 431 414 479 426 486 459 406 435 354 310 460 361 450 495 494 476 453 409 414 412 402 378 377 402 445 506 511 508 505 498 470 444 483 454 420 415 448 494 486 487 497 496 484 482 507 475 496 477 475 459 454 463 440 452 469 466 494 501 497 476 480 464 441 441 460
269 254 243 258 242 224 318 262 373 417 472 496 443 362 451 326 365 448 355 393 475 439 484 517 481 509 468 454 468 400 408 434 504 485 481 352 331 314 387 396 417 510 448 419 428 391 439 389 383 397 403 418 479 493 502 497 489 491 490 449 465 437 439 479 487 480 451 465 486 480 503 504 480 491 514 505 471 456 451 453 444 453 467 475 495 485 480 448 451 434 430 437
286 244 240 237 219 263 268 393 397 364 405 442 484 487 435 416 319 354 430 318 452 456 461 504 445 448 527 515 486 474 361 442 488 511 438 350 343 350 352 419 507 505 494 432 420 391 414 420 380 381 433 449 496 488 482 491 507 480 481 478 442 428 456 486 480 436 468 504 491 506 508 475 468 493 475 500 467 486 452 449 441 445 449 499 490 479 476 466 469 455 436 430
281 280 257 217 270 375 386 383 308 397 405 343 411 410 374 397 430 317 281 316 358 327 394 470 399 417 414 455 481 424 374 364 388 494 488 398 353 339 373 403 502 500 498 435 442 417 390 416 376 433 423 417 487 491 477 500 508 497 469 499 478 466 460 461 457 459 502 504 495 506 504 493 465 455 462 482 457 481 474 480 460 435 447 455 499 478 472 458 447 431 441 456
231 257 250 230 271 291 359 321 293 307 316 317 315 361 304 297 306 261 303 318 271 330 374 449 414 388 402 482 403 475 452 352 405 411 464 397 365 351 351 362 509 443 506 494 433 487 426 404 398 405 467 465 485 495 487 502 503 506 472 478 486 466 445 468 461 487 498 501 501 495 502 492 497 484 471 450 451 459 457 451 463 452 434 441 445 440 442 431 439 438 470 471
249 219 248 236 287 284 301 323 317 285 306 299 330 316 297 259 301 375 472 435 410 307 294 434 313 316 420 416 478 369 467 422 356 391 476 448 374 341 331 348 431 472 481 509 497 485 477 409 400 428 485 474 492 459 470 497 493 478 470 467 470 470 457 430 469 481 477 500 492 547 565 528 488 483 481 462 472 445 450 440 444 448 445 437 442 449 481 478 440 477 474 499
205 204 205 278 266 271 296 346 303 282 303 275 305 302 297 256 287 358 476 468 425 468 350 283 288 412 394 464 391 372 371 368 351 356 417 424 377 426 343 337 370 485 481 485 487 451 486 456 401 421 470 464 490 477 474 477 484 506 533 472 452 437 425 435 430 466 443 470 486 510 568 532 566 515 476 461 467 464 454 455 449 453 452 451 455 486 512 457 492 485 484 494
204 218 262 257 281 277 296 307 316 291 288 288 278 275 308 277 298 354 421 449 510 482 327 402 348 329 303 353 318 319 354 439 475 362 364 349 374 331 336 328 468 476 438 418 451 472 457 419 410 399 432 448 478 478 475 474 462 483 496 499 483 468 465 458 461 485 485 489 554 499 525 496 514 534 474 476 472 468 459 466 454 462 467 449 471 450 522 494 462 510 522 494
252 283 255 204 265 291 301 339 318 285 280 288 298 269 311 279 291 301 341 381 460 476 471 482 489 466 464 394 322 417 481 482 472 392 362 429 411 431 383 352 331 365 398 462 388 459 449 418 444 412 460 449 468 463 470 473 480 496 473 490 475 483 475 436 452 486 472 540 548 512 528 506 483 513 546 542 483 484 493 489 466 469 455 470 476 452 474 525 472 489 507 515
232 261 277 276 287 224 290 312 318 300 288 279 266 247 249 305 326 317 286 354 426 464 456 498 465 440 372 433 355 358 420 478 439 467 440 479 475 460 431 425 378 426 350 344 461 455 471 463 465 419 456 440 462 465 469 436 488 567 498 480 452 478 462 461 445 435 459 478 523 528 486 477 540 542 545 521 537 539 534 532 525 522 472 483 476 485 498 512 517 531 494 457
258 262 276 282 294 276 266 283 298 227 257 257 278 304 296 268 315 317 308 349 380 491 527 468 446 438 471 464 364 425 454 458 455 475 468 478 448 437 459 448 379 438 419 382 379 439 474 517 493 470 438 443 450 459 462 432 471 483 495 498 465 456 471 461 429 488 516 516 515 524 490 475 509 504 491 523 532 539 528 504 517 517 542 537 519 510 466 465 499 477 517 472
271 258 278 269 300 311 289 223 235 255 308 288 317 298 312 299 280 292 283 323 396 448 521 530 527 504 479 453 480 489 521 554 546 507 544 518 485 437 431 469 463 472 438 390 367 445 457 476 474 450 458 454 419 439 479 438 474 444 542 471 536 465 451 465 431 473 499 519 507 515 488 509 501 503 512 515 545 529 508 496 511 500 528 519 502 476 465 453 448 455 466 477
254 271 294 294 294 310 302 249 295 308 306 302 296 293 298 299 297 317 277 281 299 334 479 466 487 500 541 556 563 510 540 483 505 503 513 478 473 491 504 548 456 421 442 457 352 450 444 463 450 445 471 476 455 446 471 450 405 500 507 474 522 482 462 431 467 475 505 505 498 497 487 489 488 482 499 500 537 541 508 497 503 503 520 517 524 486 459 462 460 440 466 498
215 261 260 260 260 297 311 287 291 320 304 307 310 293 311 299 282 292 324 322 344 476 489 490 483 518 492 546 555 513 529 475 496 494 554 529 480 460 492 546 536 457 427 378 354 362 443 459 443 457 551 478 469 437 464 424 443 498 512 488 465 449 465 444 438 495 499 496 490 468 480 461 486 484 510 513 532 532 510 502 501 499 517 500 512 485 471 478 452 438 465 450
205 259 250 258 279 269 284 298 283 297 304 309 331 379 315 291 314 317 337 442 493 480 492 483 457 525 529 515 528 503 465 510 476 485 570 487 466 472 465 462 542 504 485 445 423 429 402 421 446 449 470 535 460 463 446 423 435 529 471 517 520 507 479 480 435 475 487 488 485 474 458 475 495 506 526 531 520 523 518 508 489 482 505 497 510 490 484 466 469 449 481 437
229 236 287 271 261 279 288 301 293 281 311 289 309 399 421 341 410 424 402 425 388 357 475 376 447 506 509 523 534 543 483 480 478 469 561 487 478 459 469 497 503 519 490 488 445 418 404 387 360 437 422 439 493 468 415 386 506 516 500 476 517 510 497 501 454 439 466 477 480 462 477 491 502 522 526 527 510 519 504 488 499 480 489 483 498 479 494 465 467 462 460 454
242 210 286 295 249 278 287 275 304 294 289 305 329 427 440 411 348 405 369 294 291 291 336 433 372 505 510 519 504 542 531 472 473 500 562 480 536 461 466 534 455 523 527 528 473 494 473 419 409 356 373 419 398 430 421 381 437 507 507 472 497 503 481 493 477 459 462 450 448 455 464 480 500 519 510 511 534 509 502 496 481 477 483 476 496 483 456 444 466 451 429 432
214 231 283 268 288 259 292 282 285 287 291 304 292 365 385 346 367 404 374 286 290 382 420 523 438 427 448 518 517 529 533 506 473 543 538 488 526 541 463 442 460 511 500 511 513 505 501 506 433 497 419 416 396 372 421 497 420 422 476 419 487 500 483 481 456 458 478 471 479 478 482 483 521 506 503 536 552 525 508 491 487 489 478 473 487 484 455 445 466 432 432 428
263 293 269 257 292 279 309 314 335 288 310 295 283 351 383 310 333 388 299 270 307 342 418 469 547 437 518 510 506 518 521 543 447 525 547 480 494 535 488 428 516 515 518 513 470 501 503 511 500 498 469 490 489 409 376 371 378 382 393 418 437 464 454 475 474 483 465 458 473 484 537 541 517 503 516 559 606 544 510 493 477 480 481 516 478 453 452 474 448 431 427 423
